0.0 -2.0 0.0
0.05 -1.99773258077 0.0863773223288
0.1 -1.99173404149 0.150388409835
0.15 -1.98296557758 0.198039493556
0.2 -1.97212712204 0.233829286712
0.25 -1.95972466663 0.261068215062
0.3 -1.94612227924 0.282166562686
0.35 -1.93158100917 0.2988691412
0.4 -1.91628743386 0.312436191636
0.45 -1.90037433676 0.323778316197
0.5 -1.883935593 0.33355520983
0.55 -1.86703683185 0.342247003759
0.6 -1.84972306478 0.350205506647
0.65 -1.83202413179 0.357690846946
0.7 -1.81395859518 0.364897699423
0.75 -1.79553651774 0.371974060299
0.8 -1.77676143821 0.379034705448
0.85 -1.75763177839 0.386170937654
0.9 -1.73814183018 0.393457653772
0.95 -1.7182824395 0.400958531765
1.0 -1.69804146655 0.408729891935
1.05 -1.6774040767 0.416823612885
1.1 -1.65635290412 0.425289403468
1.15 -1.63486811328 0.434176623534
1.2 -1.61292737719 0.443535804828
1.25 -1.59050578475 0.453419989425
1.3 -1.5675756835 0.463885965888
1.35 -1.54410646368 0.474995490681
1.4 -1.52006427758 0.48681652926
1.45 -1.49541169602 0.499424589962
1.5 -1.47010729542 0.512904200185
1.55 -1.44410516368 0.527350579253
1.6 -1.41735432612 0.542871543578
1.65 -1.38979805398 0.559589767019
1.7 -1.36137305888 0.577645420007
1.75 -1.33200854483 0.597199296671
1.8 -1.30162508121 0.618436579295
1.85 -1.27013327466 0.641571309081
1.9 -1.23743220177 0.666851765014
1.95 -1.20340753533 0.694566971377
2.0 -1.16792931839 0.725054527251
2.05 -1.13084931289 0.758710045914
2.1 -1.09199780232 0.795998639852
2.15 -1.05117980582 0.837468574859
2.2 -1.00817051204 0.883767757593
2.25 -0.962709824893 0.935663258142
2.3 -0.914495842892 0.994064208115
2.35 -0.863177133548 1.06004796712
2.4 -0.808343555706 1.13488922391
2.45 -0.749515699974 1.22008978048
2.5 -0.686132806287 1.31740575424
2.55 -0.617539566705 1.42886420714
2.6 -0.542972629254 1.55675542706
2.65 -0.461548581202 1.70357611914
2.7 -0.372256819664 1.8718819131
2.75 -0.273963403091 2.06398221877
2.8 -0.165436090179 2.28137723472
2.85 -0.045406775982 2.52380126256
2.9 0.0873053238961 2.78772693745
2.95 0.233580430575 3.06426030297
3.0 0.393667705814 3.33663437346
3.05 0.56673500181 3.57812911959
3.1 0.750359916263 3.75218540121
3.15 0.940132901276 3.81718020446
3.2 1.12965285927 3.73737135298
3.25 1.31118579332 3.49761052219
3.3 1.47700167088 3.11417231905
3.35 1.62096891909 2.63320265455
3.4 1.73971644794 2.11571394216
3.45 1.83287981655 1.61794443385
3.5 1.9024870056 1.17801336909
3.55 1.95194072129 0.813106571044
3.6 1.98506828254 0.524131004136
3.65 2.00548008956 0.302619734745
3.7 2.01625281498 0.136466253545
3.75 2.01984495448 0.013464369244
3.8 2.01814010443 -0.0770147120253
3.85 2.01254197398 -0.143517103191
3.9 2.00407788173 -0.192594296702
3.95 1.99349096987 -0.229122369576
4.0 1.98131486549 -0.256664517759
4.05 1.96793096128 -0.277796151836
4.1 1.95361096446 -0.294367680222
4.15 1.9385478832 -0.307705459366
4.2 1.92287831765 -0.318760495265
4.25 1.90669838242 -0.328216349296
4.3 1.89007503651 -0.336566524319
4.35 1.87305412906 -0.344169593168
4.4 1.85566611157 -0.351288353431
4.45 1.83793009214 -0.35811761086
4.5 1.8198567139 -0.364803928465
4.55 1.80145019518 -0.371459696275
4.6 1.78270977258 -0.378173208501
4.65 1.76363071457 -0.385015923631
4.7 1.74420502426 -0.392047739818
4.75 1.72442191579 -0.399320877541
4.8 1.70426812239 -0.406882781654
4.85 1.68372807664 -0.414778334194
4.9 1.66278399414 -0.423051605708
4.95 1.64141587705 -0.431747283302
5.0 1.61960145191 -0.440911895367
5.05 1.59731604963 -0.45059492071
5.1 1.57453243104 -0.460849840797
5.15 1.55122056106 -0.471735211654
5.2 1.52734732689 -0.483315777482
5.25 1.50287619852 -0.495663688362
5.3 1.47776682531 -0.508859863945
5.35 1.45197455948 -0.522995549315
5.4 1.42544989577 -0.538174118279
5.45 1.39813781255 -0.554513190544
5.5 1.36997700326 -0.572147106708
5.55 1.34089896271 -0.591229916317
5.6 1.31082691856 -0.6119389012
5.65 1.27967456805 -0.634478807553
5.7 1.24734458139 -0.659086937628
5.75 1.21372682123 -0.686039301395
5.8 1.17869623125 -0.715658007337
5.85 1.14211032621 -0.748320159666
5.9 1.10380614763 -0.784468771771
5.95 1.06359669096 -0.824625617413
6.0 1.02126656798 -0.869406922522
6.05 0.976566838684 -0.919541907849
6.1 0.92920882908 -0.975894660829
6.15 0.878856770071 -1.03948938815
6.2 0.825119096476 -1.11153867607
6.25 0.767538280984 -1.19347343664
6.3 0.705579183649 -1.28697142512
6.35 0.638616144835 -1.39397817149
6.4 0.565919440681 -1.51670845357
6.45 0.486642558345 -1.65760765721
6.5 0.399813114279 -1.8192370409
6.55 0.304332574805 -2.00402452603
6.6 0.198993583164 -2.21379138754
6.65 0.0825291059592 -2.44892894554
6.7 -0.0462853816825 -2.70707701098
6.75 -0.188448748431 -2.9811971545
6.8 -0.344440750174 -3.25713527967
6.85 -0.513804932056 -3.51127529806
6.9 -0.69464499495 -3.7097549536
6.95 -0.883169092005 -3.81159713942
7.0 -1.07353549891 -3.7778281901
7.05 -1.25829483588 -3.58565158364
7.1 -1.42954799152 -3.24144376452
7.15 -1.58053153644 -2.78349054634
7.2 -1.70697874423 -2.27045000746
7.25 -1.80765946073 -1.76183088397
7.3 -1.88398606789 -1.30192401159
7.35 -1.9390604366 -0.913913056199
7.4 -1.97666620314 -0.602854746397
7.45 -2.00052515471 -0.362389475479
7.5 -2.01389056271 -0.181026420083
7.55 -2.01940499374 -0.0463419343739
7.6 -2.01911501329 0.0528569217352
7.65 -2.01455662024 0.125746958926
7.7 -2.00685914834 0.179447454722
7.75 -1.99684194572 0.219296505665
7.8 -1.98509445021 0.249212779584
7.85 -1.9720384461 0.272036147207
7.9 -1.95797468838 0.289809805073
7.95 -1.94311699177 0.303998845905
8.0 -1.92761688596 0.315653417047
8.05 -1.91158120987 0.325527632047
8.1 -1.89508465562 0.334165087742
8.15 -1.87817868774 0.341959930181
8.2 -1.8608978653 0.349200196761
8.25 -1.8432643368 0.356098618482
8.3 -1.8252910261 0.362814465859
8.35 -1.80698389601 0.369469125698
8.4 -1.78834354698 0.376157212742
8.45 -1.76936634664 0.382954582509
8.5 -1.75004521462 0.389924125516
8.55 -1.73037015888 0.397120012024
8.6 -1.7103286293 0.404590852361
8.65 -1.68990573342 0.412382096074
8.7 -1.66908434457 0.420537889096
8.75 -1.64784513008 0.42910259989
8.8 -1.62616650642 0.438122086756
8.85 -1.60402453573 0.447644833034
8.9 -1.58139276831 0.457723016191
8.95 -1.55824203115 0.468413562414
9.0 -1.534540163 0.479779248166
9.05 -1.51025169306 0.491889874535
9.1 -1.48533745364 0.50482359552
9.15 -1.45975414595 0.518668367193
9.2 -1.43345377449 0.533523759115
9.25 -1.40638304217 0.549502883015
9.3 -1.37848260745 0.566734801104
9.35 -1.34968621938 0.585367335673
9.4 -1.31991969874 0.605570416216
9.45 -1.28909974317 0.627540067115
9.5 -1.25713248018 0.651503310561
9.55 -1.22391180596 0.6777238658
9.6 -1.18931736616 0.706509206484
9.65 -1.15321216708 0.738218991759
9.7 -1.11543971889 0.773275271537
9.75 -1.07582062398 0.812174765532
9.8 -1.03414846963 0.855503698122
9.85 -0.990184936613 0.903955397796
9.9 -0.943653934837 0.958351172013
9.95 -0.894234613565 1.0196645527
10.0 -0.841553061854 1.08904876351
10.05 -0.78517264783 1.16786625965
10.1 -0.724582678414 1.25771851573
10.15 -0.659185969409 1.36046957327
10.2 -0.588285287117 1.47825553388
10.25 -0.511070198062 1.6134606048
10.3 -0.426606484167 1.76862996754
10.35 -0.333832500072 1.94626869052
10.4 -0.231570029036 2.14844692185
10.45 -0.118562064986 2.37609606763
10.5 0.0064435383879 2.62785145302
10.55 0.144538300538 2.8983100191
10.6 0.296395236145 3.17571266823
10.65 0.461887948115 3.439462151
10.7 0.639604069808 3.65865743058
10.75 0.826353805877 3.7937851023
10.8 1.01689349638 3.80394736241
10.85 1.20416385341 3.65992561542
10.9 1.38024299948 3.3584706341
10.95 1.53786130436 2.92892625474
11.0 1.67190490621 2.42576426305
11.05 1.78023941628 1.91028282544
11.1 1.86357252814 1.43243553181
11.15 1.9246129835 1.02171233702
11.2 1.96703395641 0.68794981069
11.25 1.99463295444 0.427467943762
11.3 2.0108280009 0.229765282291
11.35 2.01844772029 0.0823887857036
11.4 2.01970968388 -0.0263530763479
11.45 2.01629168444 -0.106267302036
11.5 2.00943380379 -0.165067373152
11.55 2.00003877986 -0.208586556592
11.6 1.98875743161 -0.241129766363
11.65 1.9760560942 -0.265826672548
11.7 1.96226759703 -0.284932781213
11.75 1.94762877613 -0.300066505676
11.8 1.93230764704 -0.312387714594
11.85 1.91642288454 -0.322728665394
11.9 1.90005771061 -0.331688496545
11.95 1.88326976477 -0.339700764178
12.0 1.86609811514 -0.347081494438
12.05 1.84856823277 -0.354063277214
12.1 1.83069552456 -0.360819481181
12.15 1.8124878389 -0.367481469807
12.2 1.79394724161 -0.374150895647
12.25 1.77507127049 -0.380908535174
12.3 1.75585380821 -0.387820642288
12.35 1.7362856883 -0.394943618894
12.4 1.71635509659 -0.402327455246
12.45 1.69604782438 -0.410018327079
12.5 1.67534740692 -0.418060602023
12.55 1.65423517221 -0.426498440548
12.6 1.63269021685 -0.43537712922
12.65 1.6106893206 -0.444744254031
12.7 1.58820680391 -0.454650778728
12.75 1.56521433244 -0.465152098701
12.8 1.54168066827 -0.476309127919
12.85 1.51757136581 -0.488189430294
12.9 1.49284840862 -0.500868516381
12.95 1.46746977568 -0.514431269211
13.0 1.44138895103 -0.52897354781
13.05 1.41455428422 -0.544604218652
13.1 1.38690832467 -0.561447300582
13.15 1.35838698527 -0.57964468373
13.2 1.32891857222 -0.599359306708
13.25 1.29842264193 -0.620778948844
13.3 1.26680865184 -0.644120783018
13.35 1.23397434192 -0.669636911534
13.4 1.19980384781 -0.697620916548
13.45 1.16416542306 -0.728415885313
13.5 1.12690873281 -0.762424042194
13.55 1.08786161483 -0.800118385339
13.6 1.04682620908 -0.842056658037
13.65 1.00357428833 -0.888898187571
13.7 0.957841727431 -0.941423649597
13.75 0.909321853438 -1.00055836185
13.8 0.857657561679 -1.06739882689
13.85 0.802432049737 -1.14324186848
13.9 0.743158025313 -1.22961459651
13.95 0.679265522488 -1.32830075781
14.0 0.610088622008 -1.441355723
14.05 0.534851996076 -1.57109508107
14.1 0.452659215132 -1.72003054568
14.15 0.362486409352 -1.89070987699
14.2 0.263187756157 -2.08539022776
14.25 0.153523542129 -2.30544095577
14.3 0.0322276985225 -2.55033745821
14.35 -0.101861096597 -2.81610277033
14.4 -0.249575041362 -3.09314357041
14.45 -0.411073732554 -3.36373567558
14.5 -0.585383360222 -3.6000719447
14.55 -0.769889323458 -3.76474274399
14.6 -0.959965693393 -3.81612312134
14.65 -1.14902926173 -3.71991480587
14.7 -1.32927478125 -3.46388559799
14.75 -1.49306564466 -3.06774710926
14.8 -1.63451641415 -2.58006631749
14.85 -1.75057413129 -2.06224269059
14.9 -1.84116292388 -1.56907633507
14.95 -1.90850312751 -1.13647249716
15.0 -1.95608161246 -0.779629833619
15.05 -1.98772704984 -0.49816092807
15.1 -2.00700426101 -0.282989385081
15.15 -2.01692665669 -0.121870405514
15.2 -2.01988959553 -0.00270924113938
15.25 -2.01772198256 0.0849159535871
15.3 -2.01178368547 0.149333738337
15.35 -2.00306847521 0.196904845969
15.4 -1.99229455548 0.232352283345
15.45 -1.97997734098 0.259122444659
15.5 -1.96648506629 0.279704264079
15.55 -1.95207998782 0.295885321577
15.6 -1.93694833408 0.308946814985
15.65 -1.92122184844 0.319807532401
15.7 -1.9049931521 0.329128111266
15.75 -1.88832668277 0.337385787108
15.8 -1.87126645552 0.344927577043
15.85 -1.85384157803 0.352008081835
15.9 -1.83607016087 0.358816284072
15.95 -1.81796209641 0.365494620273
16.0 -1.79952102575 0.372152556982
16.05 -1.78074573345 0.378876347958
16.1 -1.76163111989 0.385736029854
16.15 -1.74216887938 0.392790540183
16.2 -1.72234795625 0.400091480065
16.25 -1.70215483814 0.407685932615
16.3 -1.68157372527 0.415618621163
16.35 -1.66058660457 0.42393361898
16.4 -1.63917324574 0.432675748699
16.45 -1.61731113294 0.44189179271
16.5 -1.59497533942 0.451631595278
16.55 -1.57213834757 0.461949116813
16.6 -1.54876981653 0.472903502945
16.65 -1.52483629464 0.484560210682
16.7 -1.50030087107 0.496992235709
16.75 -1.4751227807 0.51028147414
16.8 -1.44925689672 0.524520354754
16.85 -1.42265317243 0.539813628612
16.9 -1.39525597318 0.556280519754
16.95 -1.3670032881 0.574057278198
17.0 -1.33782581458 0.593300163312
17.05 -1.30764584723 0.614189120621
17.1 -1.27637601414 0.636932013831
17.15 -1.24391774271 0.661769864685
17.2 -1.21015945324 0.688983093519
17.25 -1.17497440601 0.718899069066
17.3 -1.13821813841 0.751901208662
17.35 -1.0997253774 0.788440041057
17.4 -1.0593063859 0.82904637938
17.45 -1.01674255076 0.874347252519
17.5 -0.971781113986 0.925084805745
17.55 -0.924128883478 0.982138496403
17.6 -0.873444730378 1.04655072211
17.65 -0.819330731371 1.11955535266
17.7 -0.761321873862 1.20260762704
17.75 -0.698874247154 1.29741233097
17.8 -0.631352021442 1.40594333908
17.85 -0.558013913636 1.53044213304
17.9 -0.478000672742 1.6733731587
17.95 -0.390326622216 1.83729843532
18.0 -0.293880721219 2.02460978438
18.05 -0.187446426878 2.23702565961
18.1 -0.0697552391311 2.47472302871
18.15 0.0604041569526 2.73495666564
18.2 0.203992498822 3.01006859899
18.25 0.361413822434 3.28502076524
18.3 0.532086358061 3.53512448112
18.35 0.713935565543 3.72554309015
18.4 0.902956086699 3.81497309345
18.45 1.09310640133 3.76541126272
18.5 1.27682534059 3.55658796382
18.55 1.44625576681 3.19830860404
18.6 1.59484042435 2.73173128079
18.65 1.71861971688 2.21654233303
18.7 1.81666979734 1.71126949756
18.75 1.89062742526 1.25810160559
18.8 1.94370923509 0.878094638741
18.85 1.9797211381 0.57479060485
18.9 2.00234983065 0.341035280374
18.95 2.01478828424 0.16508465915
19.0 2.01961474251 0.0345716380937
19.05 2.01881817856 -0.0615067423783
19.1 2.01388754639 -0.132107586387
19.15 2.00591576046 -0.184149661057
19.2 1.99569489792 -0.222806753393
19.25 1.9837943955 -0.251870581337
19.3 1.97062154985 -0.274086346871
19.35 1.95646668739 -0.291428112587
19.4 1.94153616347 -0.305311193058
19.45 1.92597614702 -0.316750133529
19.5 1.90988962815 -0.326473701922
19.55 1.89334852696 -0.335007504977
19.6 1.87640229472 -0.342732903953
19.65 1.85908402039 -0.349928872555
19.7 1.84141476472 -0.356801699181
19.75 1.82340663752 -0.363506090329
19.8 1.80506497955 -0.370160196298
19.85 1.78638990695 -0.376856360705
19.9 1.76737739778 -0.383668854877
19.95 1.74802004785 -0.390659486916
20.0 1.72830758604 -0.397881719203
20.05 1.70822721134 -0.405383734641
20.1 1.68776379534 -0.413210763836
20.15 1.66689998326 -0.421406915063
20.2 1.64561621166 -0.430016653582
20.25 1.62389065837 -0.439086058938
20.3 1.60169913326 -0.448663950438
20.35 1.57901491427 -0.458802945809
20.4 1.55580853183 -0.469560527078
20.45 1.53204749787 -0.481000139674
20.5 1.5076959781 -0.493192387731
20.55 1.4827144018 -0.506216365888
20.6 1.4570590001 -0.520161172979
20.65 1.43068126306 -0.535127663152
20.7 1.40352730108 -0.551230496836
20.75 1.37553710006 -0.568600535935
20.8 1.34664363683 -0.587387730578
20.85 1.31677184343 -0.607764524596
20.9 1.28583738431 -0.629929940809
20.95 1.25374521012 -0.654114485592
21.0 1.22038783496 -0.680586084917
21.05 1.18564329513 -0.709657210541
21.1 1.1493727243 -0.741693456816
21.15 1.11141741511 -0.777124054367
21.2 1.07159536897 -0.816454270023
21.25 1.0296971076 -0.860280562075
21.3 0.98548068378 -0.909308509393
21.35 0.938665708772 -0.96437402777
21.4 0.888926234169 -1.02646797211
21.45 0.835882323388 -1.09676386891
21.5 0.779090178795 -1.17664770643
21.55 0.718030773939 -1.26774715947
21.6 0.652097153134 -1.37195455351
21.65 0.580580934771 -1.49143355023
21.7 0.502659259109 -1.62859056555
21.75 0.417384676825 -1.78597857237
21.8 0.323682599568 -1.96608008513
21.85 0.220364277753 -2.17088627746
21.9 0.10616831839 -2.40115327528
21.95 -0.0201495030348 -2.65518909615
22.0 -0.159651274019 -2.92704700357
22.05 -0.31294691588 -3.20416162994
22.1 -0.479800475956 -3.46490094806
22.15 -0.65863651419 -3.67731405557
22.2 -0.846058651743 -3.80129767932
22.25 -1.03661233561 -3.79648003234
22.3 -1.22309199791 -3.63572514289
22.35 -1.39756740133 -3.31907216097
22.4 -1.55292953285 -2.87907000004
22.45 -1.68435155332 -2.37184720915
22.5 -1.79001607433 -1.85826291122
22.55 -1.87088512042 -1.3863804378
22.6 -1.92981470747 -0.983475644832
22.65 -1.97052451865 -0.657655665958
22.7 -1.99679034733 -0.404242010341
22.75 -2.01197469359 -0.212343338079
22.8 -2.01884151817 -0.0694925245791
22.85 -2.0195481504 0.0358379384964
22.9 -2.01572206332 0.11323708301
22.95 -2.00856385796 0.17020929574
23.0 -1.99894646322 0.212412115037
23.05 -1.9874987144 0.244012721479
23.1 -1.97467098409 0.268037162076
23.15 -1.96078459909 0.286664899495
23.2 -1.94606814093 0.301459362338
23.25 -1.93068370577 0.313541022247
23.3 -1.91474572587 0.323714096432
23.35 -1.89833436644 0.332557788703
23.4 -1.88150505296 0.340491493376
23.45 -1.86429524058 0.347821194009
23.5 -1.84672921203 0.354772347849
23.55 -1.82882148832 0.361513265872
23.6 -1.81057924494 0.3681717222
23.65 -1.79200402765 0.374846846257
23.7 -1.77309295854 0.381617638251
23.75 -1.7538395804 0.388549140619
23.8 -1.73423443629 0.395696948237
23.85 -1.71426545426 0.40311054872
23.9 -1.69391818609 0.410835841028
23.95 -1.67317593737 0.418917103531
24.0 -1.65201980672 0.427398554494
24.05 -1.63042865555 0.436325668481
24.1 -1.60837901594 0.445746332731
24.15 -1.58584494265 0.455711922872
24.2 -1.56279781213 0.4662783549
24.25 -1.53920606847 0.477507171094
24.3 -1.51503491529 0.489466706653
24.35 -1.49024594399 0.502233370665
24.4 -1.46479669289 0.515893099395
24.45 -1.43864013026 0.530543036025
24.5 -1.41172404709 0.546293479685
24.55 -1.38399034384 0.563270179454
24.6 -1.35537419717 0.58161703825
24.65 -1.32580305636 0.60149940252
24.7 -1.295195497 0.623107870494
24.75 -1.26345983558 0.646662980532
24.8 -1.23049249946 0.672420792417
24.85 -1.19617608765 0.700679633002
24.9 -1.16037706452 0.731788228681
24.95 -1.12294298454 0.76615559347
25.0 -1.08369921222 0.804262819727
25.05 -1.04244496085 0.846677382246
25.1 -0.99894855972 0.894070195897
25.15 -0.952941793852 0.947235818553
25.2 -0.904113145701 1.00711604364
25.25 -0.852099770362 1.07482676714
25.3 -0.796478099838 1.15168727983
25.35 -0.736752818068 1.23925034602
25.4 -0.67234465328 1.33932738414
25.45 -0.602576939839 1.45400198923
25.5 -0.526662271982 1.58561430902
25.55 -0.443691152113 1.73668940046
25.6 -0.352626519777 1.90976369822
25.65 -0.252310982192 2.10703583256
25.7 -0.141498093431 2.32973368626
25.75 -0.0189252086353 2.57705741161
25.8 0.116547143025 2.84455749182
25.85 0.265699510086 3.12191445932
25.9 0.428596992051 3.39042557048
25.95 0.604118680953 3.62120105349
26.0 0.789453781136 3.77603887736
26.05 0.979760647532 3.81343965418
26.1 1.16828220939 3.7007138914
26.15 1.34715755165 3.42865660265
26.2 1.50886118518 3.02037794306
26.25 1.64776555649 2.52667952074
26.3 1.76113682223 2.0091267848
26.35 1.84917943695 1.52094793793
26.4 1.91429426665 1.09582152062
26.45 1.96004203032 0.747022010553
26.5 1.99024620128 0.472946799844
26.55 2.00842305705 0.263971169207
26.6 2.01752219129 0.107747726769
26.65 2.01987652978 -0.00769112508026
26.7 2.01726144168 -0.0925564105625
26.75 2.01099414357 -0.154961104624
26.8 2.00203588636 -0.201079119579
26.85 1.99108075495 -0.235484554923
26.9 1.97862657633 -0.26151062264
26.95 1.96502888921 -0.281562670086
27.0 1.95054083056 -0.297367621084
27.05 1.93534209756 -0.310163147519
27.1 1.91955974473 -0.320836968277
27.15 1.90328302505 -0.330027650087
27.2 1.88657393916 -0.338196738252
27.25 1.86947473176 -0.345680128446
27.3 1.8520132092 -0.352724514489
27.35 1.83420651667 -0.359513275498
27.4 1.81606381747 -0.366184869808
27.45 1.79758819214 -0.372845955977
27.5 1.77877798294 -0.379580818435
27.55 1.75962773019 -0.386458130229
27.6 1.74012882496 -0.393535912356
27.65 1.72026994525 -0.400865178463
27.7 1.7000373353 -0.408492675707
27.75 1.67941496372 -0.416462987394
27.8 1.6583845887 -0.42482020329
27.85 1.63692574681 -0.433609294792
27.9 1.61501567895 -0.442877312762
27.95 1.59262919871 -0.45267447971
28.0 1.56973850723 -0.463055243668
28.05 1.54631295488 -0.474079354042
28.1 1.52231874853 -0.485812984291
28.15 1.49771859672 -0.498329993678
28.2 1.47247130747 -0.511713288585
28.25 1.44653126939 -0.526056493705
28.3 1.41984789064 -0.541465746827
28.35 1.39236491293 -0.558061917394
28.4 1.36401961421 -0.575983182462
28.45 1.33474187288 -0.595388084687
28.5 1.30445304443 -0.616459248856
28.55 1.27306466987 -0.639407722425
28.6 1.24047691628 -0.66447830485
28.65 1.2065767372 -0.691955913207
28.7 1.17123568201 -0.722173275343
28.75 1.13430727833 -0.75552023627
28.8 1.09562389944 -0.792454985463
28.85 1.05499302849 -0.833517540152
28.9 1.01219276864 -0.879345946457
28.95 0.966966479668 -0.930695500495
29.0 0.919016368357 -0.98846131315
29.05 0.867995840187 -1.05370431101
29.1 0.813500519744 -1.12767992426
29.15 0.755057779487 -1.21186806054
29.2 0.692114790653 -1.30800075606
29.25 0.62402540913 -1.41808022789
29.3 0.55003665231 -1.54437420311
29.35 0.469276434975 -1.68936491546
29.4 0.380745789465 -1.85561233173
29.45 0.283321371626 -2.04546685243
29.5 0.175778008344 -2.2605349188
29.55 0.0568468574803 -2.50076454642
29.6 -0.0746680784871 -2.76300352496
29.65 -0.219686167507 -3.03894767662
29.7 -0.378531048704 -3.31264881994
29.75 -0.550490045827 -3.55833798153
29.8 -0.73330540813 -3.74024175662
29.85 -0.922756851831 -3.81683640931
29.9 -1.11260851817 -3.75125102875
29.95 -1.29520093409 -3.52588491266
30.0 -1.46273677798 -3.15398952436
30.05 -1.60887949729 -2.67944979736
30.1 -1.72998138212 -2.16275690603
30.15 -1.82541936468 -1.66128861408
30.2 -1.89704354872 -1.21508260785
30.25 -1.94817440191 -0.843111302905
30.3 -1.98263245109 -0.547478996169
30.35 -2.00406535369 -0.320303719689
30.4 -2.01560457976 -0.149630711224
30.45 -2.01976439101 -0.0231702016886
30.5 -2.01847717989 0.0698840938535
30.55 -2.01318598927 0.138269931203
30.6 -2.00494834845 0.18870895168
30.65 -1.99452990549 0.226214604147
30.7 -1.98248074439 0.254455309821
30.75 -1.96919415621 0.276084548058
30.8 -1.95495040177 0.293009550274
30.85 -1.93994861254 0.306597507379
30.9 -1.92432978498 0.317828601848
30.95 -1.9081931906 0.327407135933
31.0 -1.89160806886 0.335841354429
31.05 -1.87462192389 0.343500285632
31.1 -1.85726642045 0.350654154217
31.15 -1.83956156502 0.357503034704
31.2 -1.82151867623 0.364197227496
31.25 -1.80314248931 0.370851760752
31.3 -1.78443264817 0.377556792698
31.35 -1.76538474921 0.384385069727
31.4 -1.74599106998 0.391397361921
31.45 -1.7262410636 0.398646455157
31.5 -1.70612167995 0.406180126736
31.55 -1.6856175567 0.414043414094
31.6 -1.66471111044 0.422280399825
31.65 -1.64338254657 0.430935660637
31.7 -1.62160980298 0.440055507835
31.75 -1.59936843544 0.44968910562
31.8 -1.57663144803 0.459889529175
31.85 -1.55336907107 0.470714827455
31.9 -1.52954848449 0.482229135165
31.95 -1.50513348153 0.494503873374
32.0 -1.48008408577 0.507619084665
32.05 -1.45435606121 0.521665013351
32.1 -1.42790036942 0.536743849627
32.15 -1.40066252331 0.552971808253
32.2 -1.37258182287 0.570481600662
32.25 -1.3435904686 0.589425317001
32.3 -1.31361248487 0.609977980454
32.35 -1.28256249756 0.632341626889
32.4 -1.25034424963 0.656750361244
32.45 -1.21684885463 0.683476373762
32.5 -1.18195271573 0.712837218438
32.55 -1.1455150514 0.745204578697
32.6 -1.10737491054 0.781014947276
32.65 -1.06734764799 0.820782319269
32.7 -1.02522066461 0.865113581232
32.75 -0.980748319714 0.914726795613
32.8 -0.933645851607 0.970472747111
32.85 -0.883582129404 1.03335990094
32.9 -0.83017106202 1.10458246971
32.95 -0.772961599639 1.18555019434
33.0 -0.711426203655 1.27791726967
33.05 -0.644948025848 1.38360434547
33.1 -0.57280738904 1.50480244475
33.15 -0.494168889781 1.64393917935
33.2 -0.408071815779 1.80357302497
33.25 -0.313428768369 1.98615948212
33.3 -0.209040890712 2.19360290575
33.35 -0.0936433416654 2.4264712265
33.4 0.0339984299899 2.68272562697
33.45 0.174914184796 2.95584981634
33.5 0.329646495074 3.232444761
33.55 0.497844440874 3.48982811155
33.6 0.677764118391 3.69502002698
33.65 0.865799704085 3.80741174447
33.7 1.05628884297 3.7873077024
33.75 1.24189091895 3.60981387231
33.8 1.414684571 3.27832132283
33.85 1.56773777783 2.82848368651
33.9 1.69651878568 2.31787218749
33.95 1.79952443325 1.80670975858
34.0 1.8779610423 1.34108389192
34.05 1.93482046187 0.946078905822
34.1 1.97386011525 0.628145352818
34.15 1.99882908452 0.381678770285
34.2 2.01303245359 0.195447890224
34.25 2.01916951276 0.0569979684777
34.3 2.01933822596 -0.0450243437508
34.35 2.01511687228 -0.119988888273
34.4 2.00766765321 -0.175193761674
34.45 1.99783458948 -0.216124727373
34.5 1.98622524687 -0.246815037767
34.55 1.97327455255 -0.270190271243
34.6 1.95929271275 -0.288356284849
34.65 1.94450033762 -0.302823391312
34.7 1.92905381327 -0.314674063116
34.75 1.91306346728 -0.324685423527
34.8 1.89660650884 -0.333417429489
34.85 1.87973622438 -0.341275826244
34.9 1.86248850567 -0.348556895545
34.95 1.84488648366 -0.355479212835
35.0 1.82694381846 -0.362206203036
35.05 1.80866703201 -0.368862184738
35.1 1.79005716164 -0.375543846531
35.15 1.77111092393 -0.382328486421
35.2 1.75182152764 -0.389279983456
35.25 1.73217922847 -0.396453153429
35.3 1.71217169929 -0.403897007192
35.35 1.6917842549 -0.411657195604
35.4 1.67099997094 -0.41977792139
35.45 1.64979971647 -0.428303475824
35.5 1.62816211661 -0.437279534002
35.55 1.6060634536 -0.446754292147
35.6 1.5834775148 -0.456779547917
35.65 1.56037538587 -0.467411750828
35.7 1.53672519089 -0.478713092864
35.75 1.51249177653 -0.490752682989
35.8 1.48763633445 -0.503607848188
35.85 1.46211595409 -0.517365607298
35.9 1.4358830959 -0.532124375843
35.95 1.40888497607 -0.547995935685
36.0 1.38106283768 -0.565107789339
36.05 1.3523510996 -0.583605918731
36.1 1.32267635404 -0.603658075477
36.15 1.29195617821 -0.625457743078
36.2 1.26009773461 -0.649228870794
36.25 1.22699611162 -0.675231569506
36.3 1.19253235422 -0.703768968196
36.35 1.15657109182 -0.735195599201
36.4 1.11895774473 -0.769927344232
36.45 1.07951515886 -0.808453554413
36.5 1.03803957679 -0.851351598358
36.55 0.994295817422 -0.899304218933
36.6 0.948011507262 -0.953120094534
36.65 0.898870199177 -1.01375778185
36.7 0.846503211371 -1.08235289289
36.75 0.79048004429 -1.16024767514
36.8 0.730297290715 -1.24902048344
36.85 0.665366190649 -1.35051086183
36.9 0.594999198866 -1.46683037086
36.95 0.518396707991 -1.60034295002
37.0 0.434636086012 -1.75358522967
37.05 0.342667144466 -1.9290787172
37.1 0.241321258779 -2.12895666806
37.15 0.12934599966 -2.35429437048
37.2 0.00548362896415 -2.60399926046
37.25 -0.131380981086 -2.87312524223
37.3 -0.281972864893 -3.15059873753
37.35 -0.446257497948 -3.41671720575
37.4 -0.622961276212 -3.64151534453
37.45 -0.809073262906 -3.78606224039
37.5 -0.999537103729 -3.80911747636
37.55 -1.18743064588 -3.67976651182
37.6 -1.36485329103 -3.39193458689
37.65 -1.52440817573 -2.97207957213
37.7 -1.66073672375 -2.47304506806
37.75 -1.77142450251 -1.95634672066
37.8 -1.85694780744 -1.47351823797
37.85 -1.9198764647 -1.05600654374
37.9 -1.96383521693 -0.715226401781
37.95 -1.99263623243 -0.448436361378
38.0 -2.00974455122 -0.245520885884
38.05 -2.01804550386 -0.0940628745958
38.1 -2.0198102804 0.0177639316105
38.15 -2.01676182187 0.0999565886603
38.2 -2.01017580115 0.160414398356
38.25 -2.00098191352 0.205128284486
38.3 -1.98985088688 0.23852735772
38.35 -1.97726353938 0.263835030351
38.4 -1.96356313916 0.283375740921
38.45 -1.94899401665 0.298817795457
38.5 -1.93372955798 0.311356822403
38.55 -1.91789229042 0.321850566319
38.6 -1.90156820807 0.330916275846
38.65 -1.88481695654 0.339000368074
38.7 -1.86767906509 0.346427994421
38.75 -1.85018108006 0.353438225251
38.8 -1.83233920917 0.360209027494
38.85 -1.81416190745 0.366875025428
38.9 -1.79565170936 0.373540171644
38.95 -1.7768065235 0.38028684451
39.0 -1.75762053833 0.387182413438
39.05 -1.73808484539 0.394284016564
39.1 -1.71818785988 0.401642112254
39.15 -1.69791558443 0.409303135022
39.2 -1.67725175651 0.417311544502
39.25 -1.65617790546 0.425711461569
39.3 -1.6346733343 0.434548021623
39.35 -1.61271503907 0.443868556084
39.4 -1.59027757136 0.453723674299
39.45 -1.56733284877 0.464168324969
39.5 -1.54384991064 0.475262866197
39.55 -1.51979461932 0.487074210621
39.6 -1.49512930196 0.499677084806
39.65 -1.4698123248 0.513155445365
39.7 -1.44379759184 0.527604107717
39.75 -1.41703395556 0.54313063909
39.8 -1.3894645272 0.559857572892
39.85 -1.36102586336 0.577925046709
39.9 -1.33164700813 0.597493933511
39.95 -1.30124836718 0.618749575856
40.0 -1.2697403775 0.641906263507
40.05 -1.23702192737 0.6672126366
40.1 -1.20297847901 0.694958196393
40.15 -1.16747984534 0.72548112209
40.2 -1.13037750481 0.759177827868
40.25 -1.09150143908 0.796514296581
40.3 -1.0506563043 0.838039923056
40.35 -1.00761686531 0.884403965962
40.4 -0.962122526616 0.936375129892
40.45 -0.913870800855 0.994864491741
40.5 -0.862509547194 1.06095175827
40.55 -0.807627824985 1.13591425489
40.6 -0.748745260413 1.22125690389
40.65 -0.685299963441 1.31873914297
40.7 -0.616635327471 1.43039155823
40.75 -0.541986536535 1.55850756192
40.8 -0.460468581652 1.7055857811
40.85 -0.371069225867 1.87418109699
40.9 -0.27265304541 2.06659690162
40.95 -0.1639868435 2.28431789309
41.0 -0.0438026861713 2.52704755423
41.05 0.0890779907115 2.791204882
41.1 0.235529697109 3.06781147462
41.15 0.395790922463 3.33998444315
41.2 0.569012467494 3.58087031521
41.25 0.752748620725 3.7538026727
41.3 0.94256330189 3.81715106422
41.35 1.13203264046 3.73534103206
41.4 1.31341304684 3.49357468001
41.45 1.47898490483 3.10854944991
41.5 1.62264610274 2.62671782849
41.55 1.74106441433 2.10915215117
41.6 1.83391116938 1.61192249644
41.65 1.90323855778 1.17287829087
41.7 1.95246019704 0.808958771712
41.75 1.98540396726 0.520907950997
41.8 2.00567487988 0.300180716371
41.85 2.01634191399 0.134651449264
41.9 2.01985580458 0.0121265929709
41.95 2.01809339097 -0.0779976117419
42.0 2.01245294712 -0.14424054677
42.05 2.00395762841 -0.193130171379
42.1 1.99334747635 -0.229523593025
42.15 1.98115385184 -0.256969510475
42.2 1.96775650915 -0.278032573126
42.25 1.95342597885 -0.294555376445
42.3 1.93835442508 -0.307858656617
42.35 1.92267784256 -0.318889405318
42.4 1.90649191107 -0.328328328167
42.45 1.88986327518 -0.336666899052
42.5 1.87283755577 -0.34426225175
42.55 1.85544503689 -0.351376160376
42.6 1.83770470269 -0.358202705218
42.65 1.81962710308 -0.364887935218
42.7 1.80121638458 -0.371543874227
42.75 1.78247172761 -0.378258559993
42.8 1.76338835555 -0.38510327572
42.85 1.74395823317 -0.392137797674
42.9 1.72417054121 -0.399414266304
42.95 1.70401198294 -0.406980080417
43.0 1.68346696273 -0.414880102153
43.05 1.66251766847 -0.423158401934
43.1 1.64114407397 -0.431859681788
43.15 1.61932387649 -0.441030501609
43.2 1.59703237519 -0.450720378703
43.25 1.57424229782 -0.460982855902
43.3 1.55092357228 -0.471876559184
43.35 1.52704304471 -0.483466317433
43.4 1.50256413978 -0.495824382648
43.45 1.47744645583 -0.509031794052
43.5 1.45164528743 -0.523179937792
43.55 1.42511106314 -0.538372357374
43.6 1.3977886896 -0.554726854616
43.65 1.36961677411 -0.572378008467
43.7 1.34052671428 -0.591480137553
43.75 1.3104416263 -0.612210839822
43.8 1.27927507977 -0.634775231572
43.85 1.24692959332 -0.659411071182
43.9 1.21329485554 -0.68639490014
43.95 1.1782456163 -0.716049426764
44.0 1.14163913488 -0.74875258555
44.05 1.10331218702 -0.784948231162
44.1 1.0630774351 -0.825159251925
44.15 1.02071910276 -0.870003168619
44.2 0.975987790733 -0.920210756226
44.25 0.928594280485 -0.976647954452
44.3 0.878202157462 -1.040341159
44.35 0.824419092373 -1.11250550498
44.4 0.766786659111 -1.19457488449
44.45 0.704768657406 -1.28823025062
44.5 0.637738204607 -1.39542060049
44.55 0.564964182259 -1.51836397589
44.6 0.485598537225 -1.65950814449
44.65 0.398667277354 -1.82141456432
44.7 0.303070336601 -2.00650711833
44.75 0.197599220075 -2.21659502468
44.8 0.0809866660176 -2.45204431889
44.85 -0.0479903623322 -2.71044932612
44.9 -0.190326287314 -2.98469790132
44.95 -0.34649191405 -3.26053013167
45.0 -0.516015888562 -3.51420035248
45.05 -0.696980565074 -3.71172630587
45.1 -0.885568295903 -3.81208585852
45.15 -1.07591284433 -3.77641445903
45.2 -1.26055057687 -3.58221431226
45.25 -1.43158653169 -3.23627640122
45.3 -1.58228148988 -2.77724221111
45.35 -1.70840569114 -2.26390636897
45.4 -1.80876639987 -1.75566796403
45.45 -1.88480379139 -1.29656590339
45.5 -1.93963424958 -0.909523624969
45.55 -1.97704453305 -0.599410047376
45.6 -2.00075239423 -0.359765544501
45.65 -2.01400386159 -0.179066233469
45.7 -2.01943368501 -0.0448941497015
45.75 -2.01908139082 0.0539209892457
45.8 -2.0144772088 0.126529319813
45.85 -2.00674600134 0.180025642263
45.9 -1.99670376178 0.219727906362
45.95 -1.98493746765 0.249539180567
46.0 -1.97186711981 0.272287693117
46.05 -1.95779218333 0.290008123188
46.1 -1.94292556563 0.304159453347
46.15 -1.92741813189 0.315787442355
46.2 -1.91137624558 0.325643074187
46.25 -1.89487425891 0.334267736665
46.3 -1.87796338734 0.342053993405
46.35 -1.86067800973 0.349288769345
46.4 -1.84304014021 0.356183997667
46.45 -1.82506260325 0.362898390719
46.5 -1.80675128441 0.369552930796
46.55 -1.78810672545 0.376241956482
46.6 -1.76912524615 0.383041127392
46.65 -1.74979972678 0.390013202383
46.7 -1.73012014048 0.397212259075
46.75 -1.71007390702 0.404686856742
46.8 -1.68964610495 0.412482414798
46.85 -1.66881958068 0.420643078708
46.9 -1.64757497326 0.429213226292
46.95 -1.62589067026 0.438238743216
47.0 -1.60374270301 0.447768150339
47.05 -1.58110458896 0.457853678507
47.1 -1.55794711947 0.468552321544
47.15 -1.53423809421 0.479926932888
47.2 -1.50994199921 0.492047411164
47.25 -1.48501962247 0.50499201723
47.3 -1.45942759907 0.518848868751
47.35 -1.43311787562 0.533717671139
47.4 -1.40603708408 0.549711722814
47.45 -1.37812580141 0.566960306532
47.5 -1.34931768377 0.585611500149
47.55 -1.31953844651 0.60583552908
47.6 -1.28870465504 0.62782880412
47.65 -1.25672230089 0.651818743887
47.7 -1.22348511275 0.678069581777
47.75 -1.18887254884 0.706889366562
47.8 -1.15274738509 0.738638496789
47.85 -1.1149528648 0.773739882031
47.9 -1.07530927331 0.812691282981
47.95 -1.03360983127 0.856080144953
48.0 -0.989615783775 0.904601266771
48.05 -0.943050524105 0.959077708793
48.1 -0.893592587392 1.02048508758
48.15 -0.840867347228 1.0899790549
48.2 -0.784437279314 1.16892502599
48.25 -0.723790719224 1.25892743526
48.3 -0.658329288899 1.36185391076
48.35 -0.58735441478 1.47984384563
48.4 -0.510054163271 1.61528418911
48.45 -0.425492714465 1.77072116762
48.5 -0.332606842696 1.94865740466
48.55 -0.230217040797 2.15115377886
48.6 -0.11706571952 2.37912114519
48.65 0.00809839069507 2.63115611398
48.7 0.146363413057 2.90179114913
48.75 0.298394903914 3.17917074732
48.8 0.464053471548 3.44257310983
48.85 0.64190726041 3.66096888143
48.9 0.828741587472 3.79476894935
48.95 1.01928708336 3.80313146258
49.0 1.2064661478 3.65708178959
49.05 1.38235498276 3.3537656491
49.1 1.53970254869 2.92292037662
49.15 1.67342932946 2.41922994301
49.2 1.78143949885 1.90394999618
49.25 1.86447211521 1.42680985967
49.3 1.92525439709 1.01703001083
49.35 1.96746563644 0.684233473615
49.4 1.99490098558 0.424615218909
49.45 2.01097184291 0.227623760563
49.5 2.01849899447 0.0808028727532
49.55 2.0196926609 -0.027519671901
49.6 2.01622447012 -0.107124505409
49.65 2.00932965711 -0.165699596482
49.7 1.99990729784 -0.209056707562
49.75 1.98860550604 -0.24148384183
49.8 1.97588865181 -0.266097924813
49.85 1.96208814654 -0.285145100585
49.9 1.94743981198 -0.300237018273
49.95 1.93211093627 -0.31252870124
