0.0 -2.0 0.0
0.05 -1.99778548004 0.0833775753663
0.1 -1.99209393066 0.140737475026
0.15 -1.98400455307 0.180441614272
0.2 -1.97424703735 0.208248303829
0.25 -1.96331215603 0.228066789461
0.3 -1.95152911753 0.242531433023
0.35 -1.93911842894 0.253412264027
0.4 -1.92622758412 0.261898832577
0.45 -1.91295495545 0.26879244498
0.5 -1.89936576343 0.274635104869
0.55 -1.8855027522 0.279795604399
0.6 -1.87139331682 0.284526774638
0.65 -1.85705428442 0.289003677383
0.7 -1.84249512179 0.293349085913
0.75 -1.82772009544 0.297650574243
0.8 -1.81272972389 0.301971998462
0.85 -1.7975217587 0.306361294946
0.9 -1.78209183784 0.310855764017
0.95 -1.76643392178 0.315485720621
1.0 -1.75054057536 0.320277021184
1.05 -1.73440314358 0.325252848946
1.1 -1.71801185154 0.330435000681
1.15 -1.7013558489 0.335844839314
1.2 -1.6844232123 0.34150402677
1.25 -1.66720091527 0.347435118402
1.3 -1.64967477048 0.353662073223
1.35 -1.63182934745 0.360210716029
1.4 -1.61364786859 0.367109194007
1.45 -1.5951120816 0.374388439632
1.5 -1.57620210777 0.382082664667
1.55 -1.55689626439 0.39022990491
1.6 -1.53717085873 0.398872640621
1.65 -1.5169999481 0.408058504681
1.7 -1.49635506248 0.4178411049
1.75 -1.4752048823 0.42828098836
1.8 -1.45351486389 0.439446779312
1.85 -1.43124680338 0.45141652754
1.9 -1.4083583258 0.46427932105
1.95 -1.38480228541 0.478137220983
2.0 -1.36052606291 0.493107580185
2.05 -1.33547073364 0.509325857743
2.1 -1.30957007008 0.526949057775
2.15 -1.28274937699 0.54615985639
2.2 -1.25492407741 0.567171738323
2.25 -1.22599802227 0.590235266674
2.3 -1.19586145304 0.615645828946
2.35 -1.16438852006 0.643753298256
2.4 -1.13143427438 0.674973976277
2.45 -1.09683098672 0.709805558072
2.5 -1.06038362937 0.748845828402
2.55 -1.02186430749 0.792816114803
2.6 -0.98100537509 0.842590684049
2.65 -0.937490890289 0.899233558038
2.7 -0.890946040455 0.964044189574
2.75 -0.840924008919 1.03861375519
2.8 -0.786889735564 1.12489312218
2.85 -0.728199992362 1.22527217172
2.9 -0.664079272509 1.34266653186
2.95 -0.593591387554 1.48060048825
3.0 -0.515607505938 1.64325938067
3.05 -0.428773413494 1.83545554836
3.1 -0.331482770246 2.06239829176
3.15 -0.221870695407 2.32906645375
3.2 -0.0978554697865 2.63884142183
3.25 0.0427226969869 2.99089269438
3.3 0.201788732875 3.37574319754
3.35 0.380447432214 3.76887501666
3.4 0.578055846662 4.12393237767
3.45 0.791043979356 4.37069385547
3.5 1.01193815727 4.42682690847
3.55 1.22946623307 4.22940255226
3.6 1.43054325549 3.77458687693
3.65 1.60379559166 3.13366012905
3.7 1.74276850541 2.42395473337
3.75 1.84690545263 1.75550322393
3.8 1.92014003162 1.19468665138
3.85 1.96851180845 0.761123888899
3.9 1.99820163611 0.444131739099
3.95 2.01448316432 0.22062150672
4.0 2.02141686315 0.0664389604756
4.05 2.02194135407 -0.0387148543897
4.1 2.01810436267 -0.11018128354
4.15 2.01130057139 -0.158894029532
4.2 2.00246729163 -0.192386324256
4.25 1.9922298462 -0.215748805468
4.3 1.98100388608 -0.232385471222
4.35 1.96906523056 -0.244561395617
4.4 1.95659672678 -0.253782037006
4.45 1.94371940012 -0.261049390889
4.5 1.93051307053 -0.267032576258
4.55 1.91702998187 -0.272180632878
4.6 1.90330381793 -0.276796884193
4.65 1.88935567807 -0.281087952628
4.7 1.87519804753 -0.285196120453
4.75 1.86083744256 -0.289220762402
4.8 1.84627617479 -0.293232584452
4.85 1.83151353161 -0.29728314872
4.9 1.81654656295 -0.301411269458
4.95 1.80137060281 -0.305647335641
5.0 1.78597961297 -0.310016276671
5.05 1.77036640109 -0.314539599225
5.1 1.75452275419 -0.319236824158
5.15 1.73843951084 -0.324126515991
5.2 1.72210658891 -0.329227044169
5.25 1.70551298 -0.334557168502
5.3 1.68864671839 -0.340136520919
5.35 1.67149482609 -0.345986009696
5.4 1.65404323976 -0.35212819849
5.45 1.63627671886 -0.358587675623
5.5 1.61817873505 -0.365391431704
5.55 1.59973134202 -0.372569265476
5.6 1.58091502409 -0.380154231371
5.65 1.56170852106 -0.38818314426
5.7 1.54208862613 -0.396697157636
5.75 1.52202995228 -0.405742434105
5.8 1.50150466321 -0.415370924721
5.85 1.48048216495 -0.425641280882
5.9 1.4589287346 -0.436619970154
5.95 1.43680710862 -0.448382528276
6.0 1.41407598664 -0.461015116836
6.05 1.3906894575 -0.474616364464
6.1 1.36659632315 -0.48929958496
6.15 1.3417392959 -0.505195459416
6.2 1.31605405322 -0.522455292606
6.25 1.28946811148 -0.541254975329
6.3 1.261899481 -0.561799828714
6.35 1.23325504723 -0.584330581909
6.4 1.2034286242 -0.609130736253
6.45 1.17229859093 -0.636535695188
6.5 1.13972503439 -0.666944060679
6.55 1.10554623987 -0.700831831958
6.6 1.0695743986 -0.738770075736
6.65 1.03159032766 -0.781447081223
6.7 0.991336916568 -0.829696263351
6.75 0.948511061757 -0.884530836955
6.8 0.902753614573 -0.947187266176
6.85 0.853636931122 -1.01917877702
6.9 0.800649457776 -1.10236038753
6.95 0.743176770878 -1.19900556326
7.0 0.680478541014 -1.31189190009
7.05 0.61166114611 -1.44438648683
7.1 0.535646451536 -1.60050982238
7.15 0.451138830795 -1.78493057925
7.2 0.356595979079 -2.00279835641
7.25 0.25021552779 -2.25924017831
7.3 0.129961270169 -2.55821710468
7.35 -0.0063280871489 -2.90027310839
7.4 -0.160677742823 -3.27859433631
7.45 -0.334467867705 -3.67304986761
7.5 -0.527591612747 -4.04318506746
7.55 -0.737313207137 -4.32428412343
7.6 -0.957173137936 -4.43483066184
7.65 -1.17673271228 -4.30328917593
7.7 -1.3830646524 -3.90820963866
7.75 -1.56402170902 -3.3032708517
7.8 -1.71173673041 -2.59917740456
7.85 -1.82425128467 -1.91237824959
7.9 -1.90460252231 -1.32153379832
7.95 -1.95852427139 -0.856683857613
8.0 -1.99229564507 -0.512801823717
8.05 -2.01146572966 -0.26851918773
8.1 -2.02039627349 -0.0992798377324
8.15 -2.02228395665 0.0163738142786
8.2 -2.01937351634 0.0949939213167
8.25 -2.01320085376 0.14851493987
8.3 -2.00480090454 0.18521509904
8.35 -1.99486508645 0.210709803737
8.4 -1.98385328956 0.228761389588
8.45 -1.97207078226 0.241875391437
8.5 -1.95971998455 0.251717110711
8.55 -1.94693494517 0.259394327289
8.6 -1.93380417665 0.265646079748
8.65 -1.92038575222 0.270967653746
8.7 -1.90671728976 0.275693018222
8.75 -1.89282256541 0.280049153963
8.8 -1.87871590487 0.284191902694
8.85 -1.86440510728 0.288229690137
8.9 -1.8498933947 0.292239269981
8.95 -1.83518071621 0.2962762419
9.0 -1.82026461747 0.300382100872
9.05 -1.80514081901 0.304589000584
9.1 -1.78980359712 0.308922998625
9.15 -1.7742460296 0.313406295575
9.2 -1.75846014693 0.318058794137
9.25 -1.74243701797 0.322899215592
9.3 -1.7261667876 0.327945918357
9.35 -1.70963867815 0.333217516561
9.4 -1.69284096482 0.338733387393
9.45 -1.67576092595 0.344514088083
9.5 -1.65838477417 0.350581738393
9.55 -1.6406975695 0.35696039194
9.6 -1.62268311315 0.363676409234
9.65 -1.60432382247 0.370758855255
9.7 -1.58560058492 0.378239935392
9.75 -1.56649258916 0.386155484517
9.8 -1.54697712986 0.394545525487
9.85 -1.52702938239 0.403454914964
9.9 -1.50662214239 0.412934095496
9.95 -1.48572553048 0.423039963765
10.0 -1.46430663224 0.433836949605
10.05 -1.44232910264 0.445398212661
10.1 -1.41975268858 0.457807130846
10.15 -1.39653267749 0.471159059368
10.2 -1.37261924733 0.48556345359
10.25 -1.34795669661 0.501146425833
10.3 -1.32248253857 0.518053845469
10.35 -1.2961264233 0.536455110237
10.4 -1.26880884928 0.55654776059
10.45 -1.24043961687 0.578563156579
10.5 -1.21091597495 0.602773445002
10.55 -1.18012035958 0.629500255202
10.6 -1.14791767877 0.659125363686
10.65 -1.11415197094 0.692104153245
10.7 -1.078642326 0.728982321052
10.75 -1.04117787041 0.770416833967
10.8 -1.0015115504 0.817202315442
10.85 -0.959352482186 0.87030385671
10.9 -0.914356423369 0.930898195141
10.95 -0.866113967073 1.00042456906
11.0 -0.814135913345 1.0806468323
11.05 -0.757835238681 1.17372733435
11.1 -0.696505108879 1.28231086855
11.15 -0.629292559561 1.40961154094
11.2 -0.555168116697 1.55948505803
11.25 -0.472892904205 1.73644697395
11.3 -0.38098772415 1.94555795226
11.35 -0.277714125656 2.19202554846
11.4 -0.161087722063 2.48025603947
11.45 -0.0289611921536 2.81192942054
11.5 0.120760309993 3.18252769335
11.55 0.289680902217 3.57586064831
11.6 0.478158566431 3.95709230332
11.65 0.684220955577 4.26742077672
11.7 0.902402091664 4.42780084879
11.75 1.1231869595 4.36069042814
11.8 1.3340136935 4.02871993311
11.85 1.52218686326 3.46680833877
11.9 1.67852980487 2.77566434968
11.95 1.79961966762 2.07536455646
12.0 1.88744857916 1.45624749611
12.05 1.94730987341 0.959706969538
12.1 1.98550370684 0.587566593255
12.15 2.00782849286 0.32098329394
12.2 2.01895003463 0.135369316762
12.25 2.0223368305 0.00820697770427
12.3 2.02044576046 -0.0782908516359
12.35 2.01496669699 -0.137120951032
12.4 2.0070417851 -0.177368109894
12.45 1.99743532548 -0.20522203216
12.5 1.98665609669 -0.224839626267
12.55 1.97504194127 -0.238992103753
12.6 1.96281693139 -0.249521685814
12.65 1.95012951571 -0.257653325154
12.7 1.93707780917 -0.264203514324
12.75 1.92372631608 -0.269718752568
12.8 1.91011698708 -0.274566927945
12.85 1.89627653978 -0.278997539875
12.9 1.88222131663 -0.283181419085
12.95 1.8679605172 -0.287236991046
13.0 1.85349835283 -0.29124769277
13.05 1.83883548648 -0.29527358442
13.1 1.8239699946 -0.299359130774
13.15 1.8088980071 -0.303538444708
13.2 1.79361412978 -0.30783884893
13.25 1.77811171953 -0.312283330666
13.3 1.76238305547 -0.3168922423
13.35 1.74641943906 -0.321684511959
13.4 1.73021124211 -0.326678523567
13.45 1.71374791626 -0.331892777028
13.5 1.6970179746 -0.337346420059
13.55 1.68000894754 -0.343059681906
13.6 1.6627073184 -0.34905426108
13.65 1.64509844122 -0.355353699186
13.7 1.62716643917 -0.361983750811
13.75 1.60889408433 -0.368972773727
13.8 1.59026265705 -0.376352154087
13.85 1.57125178288 -0.384156780792
13.9 1.55183924428 -0.392425585383
13.95 1.53200076321 -0.401202164144
14.0 1.5117097489 -0.410535505229
14.05 1.49093701512 -0.420480814276
14.1 1.46965043158 -0.431100557483
14.15 1.44781454261 -0.442465609356
14.2 1.42539010878 -0.45465667107
14.25 1.40233357675 -0.467765952502
14.3 1.37859645312 -0.481899208116
14.35 1.35412456769 -0.49717816955
14.4 1.32885720389 -0.513743499473
14.45 1.30272606733 -0.531758382481
14.5 1.27565404952 -0.551412927802
14.55 1.24755375328 -0.572929548606
14.6 1.21832572556 -0.596569561969
14.65 1.18785629315 -0.622641477609
14.7 1.15601498247 -0.651511060679
14.75 1.12265133691 -0.683614094092
14.8 1.08759103912 -0.719472183501
14.85 1.05063114603 -0.759712581739
14.9 1.01153419682 -0.805093109197
14.95 0.970020946727 -0.856533245337
15.0 0.925761341649 -0.915153096701
15.05 0.878363320987 -0.982321704623
15.1 0.827358940034 -1.05971627809
15.15 0.772187234396 -1.14939320564
15.2 0.712173256365 -1.25386987292
15.25 0.646502839358 -1.37621196925
15.3 0.574193138832 -1.5201119038
15.35 0.494060095623 -1.689925819
15.4 0.404686373725 -1.89060227957
15.45 0.304398074838 -2.1273735962
15.5 0.191267408478 -2.40497648527
15.55 0.0631737388224 -2.72601760058
15.6 -0.082021161266 -3.08793916599
15.65 -0.246099399439 -3.47805216716
15.7 -0.429816519901 -3.86677809236
15.75 -0.631889216806 -4.20140564211
15.8 -0.84780599879 -4.40668281169
15.85 -1.06903425058 -4.40154208629
15.9 -1.28356134483 -4.13484204869
15.95 -1.47837864122 -3.62235979953
16.0 -1.64314274611 -2.95175756675
16.05 -1.77294086049 -2.24356265354
16.1 -1.86858231182 -1.5986415355
16.15 -1.93477513478 -1.07042276438
16.2 -1.97774833858 -0.668800736373
16.25 -2.0035128886 -0.378379429992
16.3 -2.0170362612 -0.175004570851
16.35 -2.02207100578 -0.0352479401509
16.4 -2.02130145448 0.0599167250937
16.45 -2.0165849369 0.124605736715
16.5 -2.00918116386 0.168773783223
16.55 -1.99993473852 0.199237732658
16.6 -1.98940844342 0.220588433006
16.65 -1.97797614652 0.235890435981
16.7 -1.96588587272 0.24718171678
16.75 -1.95330199486 0.255816998064
16.8 -1.9403332382 0.262698574052
16.85 -1.92705120438 0.26842966388
16.9 -1.9135026179 0.273415702771
16.95 -1.89971743066 0.277931101709
17.0 -1.88571419673 0.282163263135
17.05 -1.87150364593 0.28624166099
17.1 -1.85709106573 0.29025711607
17.15 -1.84247789105 0.294274618589
17.2 -1.82766276776 0.298341919547
17.25 -1.81264226045 0.302495304706
17.3 -1.79741132114 0.306763510602
17.35 -1.78196359618 0.311170414709
17.4 -1.76629161926 0.315736891371
17.45 -1.7503869273 0.320482128703
17.5 -1.73424011963 0.325424576306
17.55 -1.71784087613 0.330582652853
17.6 -1.7011779449 0.335975301829
17.65 -1.6842391045 0.341622448108
17.7 -1.66701110398 0.347545392133
17.75 -1.64947958516 0.353767185881
17.8 -1.63162898587 0.360313001776
17.85 -1.61344242435 0.367210516272
17.9 -1.59490156385 0.374490325163
17.95 -1.57598645537 0.382186404267
18.0 -1.55667535585 0.390336631747
18.05 -1.53694451856 0.398983387658
18.1 -1.5167679493 0.408174255221
18.15 -1.49611713295 0.417962815213
18.2 -1.47496070089 0.428409637623
18.25 -1.45326405853 0.439583399236
18.3 -1.43098894816 0.451562225478
18.35 -1.40809293688 0.464435307768
18.4 -1.38452881536 0.478304845958
18.45 -1.36024389186 0.493288370698
18.5 -1.33517915779 0.509521553651
18.55 -1.30926829722 0.527161641891
18.6 -1.28243650601 0.546391635888
18.65 -1.25459908212 0.567425402256
18.7 -1.22565973862 0.590513933522
18.75 -1.1955085362 0.615953230528
18.8 -1.16401942537 0.644093827127
18.85 -1.13104721842 0.675352866728
18.9 -1.09642390062 0.710229071172
18.95 -1.05995410171 0.749321490938
19.0 -1.02140951229 0.793353031945
19.05 -0.980521975633 0.843199943824
19.1 -0.936974944997 0.899928640446
19.15 -0.890392861506 0.964841578351
19.2 -0.840327992386 1.03953365938
19.25 -0.786244154501 1.12596032872
19.3 -0.727496745693 1.22651697461
19.35 -0.663308592342 1.34412580656
19.4 -0.592741476709 1.48231846006
19.45 -0.514664161566 1.64528792414
19.5 -0.427719671877 1.83785292899
19.55 -0.330298677494 2.06522470404
19.6 -0.220533447677 2.33237330732
19.65 -0.0963403293754 2.64264961354
19.7 0.0444399651203 2.99515295761
19.75 0.203726912617 3.38027333458
19.8 0.382611149595 3.77327814765
19.85 0.580423065328 4.12753264883
19.9 0.793552303946 4.3725738556
19.95 1.01447794439 4.42607694219
20.0 1.2318918754 4.22557629382
20.05 1.43270718519 3.76808786012
20.1 1.60559135461 3.12566872748
20.15 1.74415704371 2.41587444137
20.2 1.84791073144 1.74837953051
20.25 1.92082393927 1.18898887008
20.3 1.96894736086 0.756863200681
20.35 1.99845565358 0.441084685747
20.4 2.01460920208 0.21850234874
20.45 2.0214546253 0.0649881760015
20.5 2.02191891372 -0.039701320495
20.55 2.01804100644 -0.110852116324
20.6 2.01120932528 -0.159352982387
20.65 2.00235686872 -0.192704013561
20.7 1.99210604532 -0.215972627133
20.75 1.98087055743 -0.23254701128
20.8 1.9689249277 -0.244681648399
20.85 1.9564511415 -0.253874961868
20.9 1.94356965056 -0.261124292862
20.95 1.9303598918 -0.267095684115
21.0 1.916873852 -0.272236140293
21.05 1.90314504129 -0.276847635827
21.1 1.88919444073 -0.281135896654
21.15 1.87503445409 -0.285242607718
21.2 1.8606715407 -0.289266744981
21.25 1.8461079717 -0.293278747979
21.3 1.83134300496 -0.29733000098
21.35 1.81637366815 -0.301459200159
21.4 1.8011952779 -0.30569665731
21.45 1.78580178164 -0.310067252129
21.5 1.77018597475 -0.314592461494
21.55 1.75433963304 -0.319291789991
21.6 1.7382535844 -0.324183795874
21.65 1.72191773624 -0.329286850324
21.7 1.70532106933 -0.334619720275
21.75 1.68845160668 -0.340202050076
21.8 1.67129635835 -0.346054765077
21.85 1.65384124801 -0.352200449959
21.9 1.6360710211 -0.358663718399
21.95 1.61796913374 -0.365471590855
22.0 1.59951762252 -0.37265390081
22.05 1.58069695277 -0.380243742847
22.1 1.56148584318 -0.388277978158
22.15 1.54186106335 -0.396797813691
22.2 1.52179719926 -0.405849475156
22.25 1.50126638619 -0.415484980437
22.3 1.48023799486 -0.425763069997
22.35 1.458678265 -0.436750304952
22.4 1.43654988947 -0.448522333596
22.45 1.41381151884 -0.46116544817
22.5 1.39041718523 -0.474778433981
22.55 1.36631562485 -0.489474790119
22.6 1.34144947588 -0.50538541032
22.65 1.315754329 -0.522661857757
22.7 1.28915759919 -0.541480333047
22.75 1.26157717772 -0.56204653266
22.8 1.23291981533 -0.584601616227
22.85 1.2030791591 -0.609429644677
22.9 1.17193339813 -0.636866662046
22.95 1.13934238968 -0.667312079017
23.0 1.10514414586 -0.701242875418
23.05 1.0691505304 -0.739231326225
23.1 1.03114196406 -0.781967221252
23.15 0.990860858668 -0.830285820344
23.2 0.948003528623 -0.885202637942
23.25 0.902210115212 -0.947956987451
23.3 0.853052105801 -1.0200656238
23.35 0.800016881525 -1.10338790945
23.4 0.742488713301 -1.20020259618
23.45 0.679725676825 -1.31329357561
23.5 0.610832216523 -1.44603513033
23.55 0.534727888991 -1.60245544092
23.6 0.450114388706 -1.78723007697
23.65 0.355446455803 -2.00551210656
23.7 0.248918782517 -2.26242326944
23.75 0.128492897714 -2.56190084849
23.8 -0.00799278766691 -2.90443053176
23.85 -0.16255953301 -3.28308322597
23.9 -0.336575904554 -3.67753423351
23.95 -0.529911773688 -4.0470605251
24.0 -0.739794174266 -4.32667974602
24.05 -0.959716815398 -4.43479845967
24.1 -1.1792000714 -4.3002226191
24.15 -1.38530458564 -3.90228644266
24.2 -1.56591414188 -3.29551730826
24.25 -1.7132251958 -2.59100369721
24.3 -1.82534603805 -1.90495496861
24.35 -1.90535877527 -1.31547078252
24.4 -1.95901432041 -0.852084973047
24.45 -1.99258882084 -0.509482321966
24.5 -2.01161907862 -0.266197564843
24.55 -2.02045276065 -0.0976857388885
24.6 -2.02227425448 0.0174587871428
24.65 -2.0193188198 0.095731294945
24.7 -2.01311552631 0.149018400828
24.75 -2.0046945718 0.185562406477
24.8 -1.99474416051 0.210953287958
24.85 -1.98372202956 0.228935969007
24.9 -1.97193201358 0.24200428281
24.95 -1.95957557964 0.251815746179
25.0 -1.94678614258 0.259472985482
25.05 -1.93365179201 0.265711632956
25.1 -1.92023031773 0.271024721594
25.15 -1.9065591465 0.275744727961
25.2 -1.89266192453 0.280097641735
25.25 -1.87855288834 0.284238644708
25.3 -1.86423977501 0.288275722192
25.35 -1.84972576265 0.292285333623
25.4 -1.83501076853 0.296322882184
25.45 -1.82009231451 0.300429732157
25.5 -1.80496610274 0.304637951324
25.55 -1.78962639456 0.308973541827
25.6 -1.77406625504 0.313458670076
25.65 -1.75827770326 0.318113219598
25.7 -1.74225179735 0.32295590332
25.75 -1.72597867165 0.328005079402
25.8 -1.7094475378 0.333279368011
25.85 -1.69264665991 0.338798157584
25.9 -1.67556330452 0.344582021207
25.95 -1.65818367155 0.350653098712
26.0 -1.64049280723 0.357035468027
26.05 -1.62247449767 0.363755518355
26.1 -1.6041111435 0.370842348156
26.15 -1.58538361373 0.378328201571
26.2 -1.56627107642 0.386248958194
26.25 -1.54675080329 0.394644692483
26.3 -1.52679794383 0.403560321067
26.35 -1.50638526513 0.413046353952
26.4 -1.48548285469 0.423159769598
26.45 -1.46405776123 0.433965090302
26.5 -1.44207359779 0.445535583335
26.55 -1.41949006348 0.457954753252
26.6 -1.3962623908 0.471318105413
26.65 -1.37234069504 0.485735270308
26.7 -1.34766920239 0.501332567207
26.75 -1.32218534235 0.518256112942
26.8 -1.29581866728 0.536675602287
26.85 -1.26848956268 0.556788927294
26.9 -1.24010769681 0.578827870441
26.95 -1.21057016081 0.603065100517
27.0 -1.17975920704 0.629822865968
27.05 -1.14753952407 0.659483708159
27.1 -1.11375488889 0.692503943366
27.15 -1.07822407781 0.729430418851
27.2 -1.04073584081 0.770921516282
27.25 -1.00104266707 0.817773617531
27.3 -0.95885311895 0.870953990098
27.35 -0.913822278267 0.931642073883
27.4 -0.865539911752 1.00128045606
27.45 -0.813515806588 1.08163712051
27.5 -0.757161697643 1.17487945896
27.55 -0.695769232297 1.28365831492
27.6 -0.628483599991 1.41119478861
27.65 -0.554273113333 1.56135221782
27.7 -0.471896304245 1.73865342578
27.75 -0.379871070874 1.9481637598
27.8 -0.276455975836 2.19508835758
27.85 -0.159664110865 2.48381550935
27.9 -0.0273472046671 2.81597733307
27.95 0.122586969966 3.18695694382
28.0 0.291733194032 3.58039103588
28.05 0.480429396116 3.96119031438
28.1 0.68666942267 4.27027285444
28.15 0.904941915298 4.4284468859
28.2 1.12568744658 4.35839291513
28.25 1.33632291646 4.02343569586
28.3 1.52417317702 3.4593794757
28.35 1.68011948114 2.767467601
28.4 1.80080782111 2.0676760716
28.45 1.88828199022 1.44982244258
28.5 1.94785890846 0.954756148567
28.55 1.9858396792 0.583955855172
28.6 2.00801186888 0.318441748365
28.65 2.01902717554 0.133618020946
28.7 2.02234119543 0.0070133170065
28.75 2.02040062297 -0.0791018992473
28.8 2.01488789065 -0.137673788055
28.85 2.00693994391 -0.177748308959
28.9 1.99731754119 -0.20548736362
28.95 1.9865270823 -0.225028698839
29.0 1.97490482401 -0.239130601354
29.05 1.96267378434 -0.249626677508
29.1 1.94998171098 -0.257736172098
29.15 1.93692625166 -0.264271804281
29.2 1.92357159794 -0.269777578587
29.25 1.90995948991 -0.274619731213
29.3 1.89611650242 -0.279046665245
29.35 1.88205888013 -0.283228481873
29.4 1.86779575485 -0.287283119985
29.45 1.85333129011 -0.291293691446
29.5 1.83866611452 -0.295320039313
29.55 1.82379827906 -0.29940648373
29.6 1.80872389409 -0.303587042085
29.65 1.79343754977 -0.307888975161
29.7 1.77793258981 -0.312335231445
29.75 1.76220128167 -0.316946140893
29.8 1.74623491594 -0.321740620892
29.85 1.73002385391 -0.326737053304
29.9 1.71355753659 -0.331953942643
29.95 1.69682446608 -0.337410446684
30.0 1.67981216121 -0.343126809402
30.05 1.66250709283 -0.349124748354
30.1 1.64489460146 -0.355427828408
30.15 1.62695879552 -0.362061831734
30.2 1.60868243081 -0.36905514836
30.25 1.59004676965 -0.376439201826
30.3 1.57103141758 -0.384248924204
30.35 1.5516141347 -0.392523296838
30.4 1.53177061793 -0.401305973618
30.45 1.51147424846 -0.410646008837
30.5 1.49069580834 -0.420598685354
30.55 1.46940313132 -0.431226559257
30.6 1.44756072118 -0.442600608649
30.65 1.42512929212 -0.45480165684
30.7 1.4020652378 -0.467922057128
30.75 1.37832000428 -0.482067732126
30.8 1.35383935144 -0.497360612664
30.85 1.32856248184 -0.513941598688
30.9 1.30242100739 -0.531974157191
30.95 1.27533771069 -0.551648734172
31.0 1.24722506697 -0.573188148769
31.05 1.21798347269 -0.596854211303
31.1 1.18749907781 -0.622956025063
31.15 1.15564119858 -0.651860081874
31.2 1.12225912829 -0.684003052267
31.25 1.08717825013 -0.719907632781
31.3 1.05019526125 -0.760202420144
31.35 1.01107226493 -0.805646903215
31.4 0.969529489013 -0.857162622647
31.45 0.925236235935 -0.915872248646
31.5 0.877799658956 -0.983147999491
31.55 0.826750850314 -1.0606710083
31.6 0.771527664793 -1.15050246969
31.65 0.711453709341 -1.25516556493
31.7 0.645713056537 -1.37773276317
31.75 0.573320742312 -1.52190400483
31.8 0.493090206677 -1.69204293572
31.85 0.403601273789 -1.89310374977
31.9 0.303177044035 -2.13031869987
31.95 0.189887014089 -2.40841143798
32.0 0.0616090639839 -2.72994984339
32.05 -0.0837935428703 -3.09229211319
32.1 -0.24809559065 -3.48259621192
32.15 -0.432035592482 -3.87104841921
32.2 -0.634299927478 -4.2046537123
32.25 -0.85033388427 -4.407959518
32.3 -1.0715583821 -4.40000982665
32.35 -1.28593162885 -4.13025004758
32.4 -1.48045428753 -3.61534309641
32.45 -1.64483343599 -2.94361780539
32.5 -1.77422542083 -2.23565501732
32.55 -1.86949729255 -1.5918661935
32.6 -1.93538756734 -1.06511075788
32.65 -1.97813081455 -0.664881601573
32.7 -2.00372911636 -0.375600679524
32.75 -2.01713608594 -0.173081827421
32.8 -2.02209084604 -0.0339349395529
32.85 -2.02126683239 0.0608089877899
32.9 -2.01651329323 0.12521312446
32.95 -2.00908424172 0.16919036225
33.0 -1.99982037981 0.199527240803
33.05 -1.98928186292 0.220793547732
33.1 -1.97784080539 0.236039569117
33.15 -1.96574406596 0.247293749866
33.2 -1.95315524226 0.255904491465
33.25 -1.94018254321 0.26276990808
33.3 -1.92689722526 0.268490455803
33.35 -1.9133457809 0.273469741196
33.4 -1.89955800499 0.277980962314
33.45 -1.88555234434 0.282210714984
33.5 -1.87133945465 0.28628793547
33.55 -1.85692457141 0.290303085374
33.6 -1.84230909234 0.294320914946
33.65 -1.82749163597 0.298389015243
33.7 -1.81246874609 0.302543566074
33.75 -1.79723535827 0.306813234899
33.8 -1.78178510517 0.31122185546
33.85 -1.76611050853 0.31579027614
33.9 -1.75020309426 0.320537671777
33.95 -1.73405345109 0.325482487983
34.0 -1.71765124835 0.33064314649
34.05 -1.70098522329 0.336038599636
34.1 -1.68404314302 0.341688785904
34.15 -1.66681174436 0.347615023718
34.2 -1.64927665592 0.35384038728
34.25 -1.63142230108 0.360390075514
34.3 -1.61323178219 0.367291795932
34.35 -1.59468674495 0.374576180388
34.4 -1.57576722086 0.38227724637
34.45 -1.55645144511 0.39043292011
34.5 -1.53671564665 0.399085637201
34.55 -1.5165338039 0.408283045096
34.6 -1.4958773712 0.418078798214
34.65 -1.47471494492 0.428533553579
34.7 -1.45301189119 0.439716087789
34.75 -1.43072990737 0.45170464384
34.8 -1.40782650942 0.464588550367
34.85 -1.38425442939 0.478470169143
34.9 -1.35996090803 0.493467221921
34.95 -1.33488685875 0.509715607739
35.0 -1.30896587552 0.527372842948
35.05 -1.28212304916 0.546622251104
35.1 -1.25427355478 0.567678087117
35.15 -1.22532096132 0.590791812053
35.2 -1.19515515947 0.616259994495
35.25 -1.16364989865 0.644433858025
35.3 -1.13065975157 0.675731391253
35.35 -1.09601641716 0.710652352291
35.4 -1.05952418141 0.749797068074
35.45 -1.02095431936 0.793890025848
35.5 -0.980038171528 0.843809430155
35.55 -0.936458578687 0.900624124719
35.6 -0.889839234089 0.96563957909
35.65 -0.839731489143 1.04045442227
35.7 -0.78559803769 1.12702867638
35.75 -0.726792902199 1.22776327327
35.8 -0.662537230983 1.34558696792
35.85 -0.591890778696 1.4840387918
35.9 -0.513719900955 1.64731935637
35.95 -0.426664856975 1.8402537464
36.0 -0.329113327161 2.06805504985
36.05 -0.219194732621 2.33568441594
36.1 -0.0948235072977 2.64646184598
36.15 0.0461590999232 2.9994159923
36.2 0.205667015197 3.38480295283
36.25 0.384776627854 3.77767476022
36.3 0.582791498948 4.13111723552
36.35 0.796060788434 4.37442755719
36.4 1.01701636031 4.42529290087
36.45 1.23431440903 4.22171643944
36.5 1.43486655595 3.76156612944
36.55 1.60738183302 3.1176713402
36.6 1.74554038779 2.40780305267
36.65 1.84891150069 1.74127314052
36.7 1.92150427136 1.18331024218
36.75 1.96938025277 0.752619527846
36.8 1.9987077734 0.438051047049
36.85 2.0147339219 0.21639304155
36.9 2.02149148586 0.0635443200179
36.95 2.02189586077 -0.0406830387907
37.0 2.01797723408 -0.111519744517
37.05 2.01111779507 -0.159809790266
37.1 2.00224624989 -0.193020272979
37.15 1.99198210725 -0.216195497168
37.2 1.98073713067 -0.232707918243
37.25 1.96878455274 -0.244801480085
37.3 1.95630550138 -0.253967606984
37.35 1.94341985764 -0.261199009717
37.4 1.93020667727 -0.267158670513
37.45 1.91671769126 -0.272291569346
37.5 1.90298623692 -0.27689833851
37.55 1.88903317756 -0.281183812
37.6 1.87487083587 -0.28528908049
37.65 1.86050561452 -0.289312723169
37.7 1.84593974434 -0.293324914438
37.75 1.83117245374 -0.297376861659
37.8 1.81620074827 -0.301507143615
37.85 1.80101992716 -0.305745995103
37.9 1.78562392361 -0.310118246731
37.95 1.77000552068 -0.314645345534
38.0 1.754156483 -0.319346780056
38.05 1.73806762782 -0.324241102531
38.1 1.721728852 -0.329346685589
38.15 1.70512912556 -0.334682303704
38.2 1.68825646024 -0.340267613711
38.25 1.67109785407 -0.34612355787
38.3 1.65363921779 -0.352272742053
38.35 1.63586528269 -0.358739805362
38.4 1.6177594894 -0.365551798153
38.45 1.59930385738 -0.372738588686
38.5 1.58047883297 -0.380333311755
38.55 1.56126311372 -0.388372874966
38.6 1.54163344554 -0.396898538814
38.65 1.52156438788 -0.405956590985
38.7 1.50102804627 -0.41559912049
38.75 1.47999375757 -0.425884951445
38.8 1.45842772338 -0.43688074131
38.85 1.4362925931 -0.448662251229
38.9 1.4135469678 -0.461315905449
38.95 1.39014482293 -0.474940644782
39.0 1.36603482945 -0.489650151914
39.05 1.34115955046 -0.505575537614
39.1 1.31545448969 -0.522868623539
39.15 1.28884696092 -0.541705919285
39.2 1.2612547372 -0.562293492742
39.25 1.23258443114 -0.584872948971
39.3 1.20272952639 -0.6097288915
39.35 1.17156801933 -0.637198020738
39.4 1.13895953785 -0.667680551282
39.45 1.10474182019 -0.701654447753
39.5 1.06872640157 -0.73969319748
39.55 1.0306933065 -0.782488089255
39.6 0.990384467357 -0.830876237587
39.65 0.947495615362 -0.885875459903
39.7 0.901666180162 -0.948727926854
39.75 0.852466778184 -1.02095393127
39.8 0.799383722849 -1.10441719013
39.85 0.741799976554 -1.20140175182
39.9 0.678972016419 -1.31469781229
39.95 0.610002349438 -1.44768686986
40.0 0.533808219527 -1.60440476909
40.05 0.449088637593 -1.78953396133
40.1 0.354295386958 -2.00823092463
40.15 0.247620224037 -2.26561196256
40.2 0.127022426224 -2.56559029979
40.25 -0.0096598573351 -2.90859281677
40.3 -0.164443878932 -3.28757437715
40.35 -0.338686490797 -3.68201555609
40.4 -0.532234130134 -4.05092432483
40.45 -0.742276483314 -4.32905268727
40.5 -0.96226043864 -4.43473374064
40.55 -1.18166563579 -4.29712054245
40.6 -1.38754109067 -3.89633515343
40.65 -1.56780210494 -3.28775094241
40.7 -1.71470895875 -2.58283297312
40.75 -1.82643652591 -1.89754503565
40.8 -1.90611154718 -1.3094248075
40.85 -1.95950173054 -0.847502195929
40.9 -1.9928800927 -0.506175946629
40.95 -2.01177109651 -0.263885764554
41.0 -2.0205083342 -0.0960986226222
41.05 -2.02226393077 0.0185389479751
41.1 -2.01926370112 0.0964654129384
41.15 -2.01302991089 0.149519682102
41.2 -2.00458804067 0.185908262648
41.25 -1.99462309574 0.211195808312
41.3 -1.98359067025 0.229109908962
41.35 -1.97179317182 0.242132750308
41.4 -1.95943111902 0.25191410119
41.45 -1.94663729575 0.259551458915
41.5 -1.93349937066 0.265777065543
41.55 -1.92007485141 0.271081712085
41.6 -1.90640097448 0.275796389765
41.65 -1.89250125676 0.280146101786
41.7 -1.87838984594 0.284285373077
41.75 -1.86407441729 0.288321750591
41.8 -1.84955810515 0.292331400821
41.85 -1.83484079507 0.296369531394
41.9 -1.81991998523 0.300477376616
41.95 -1.80479135939 0.304686918586
42.0 -1.78944916401 0.30902410443
42.05 -1.77388645146 0.313511066581
42.1 -1.75809522942 0.318167669511
42.15 -1.74206654526 0.323012617893
42.2 -1.72579052283 0.328064269704
42.25 -1.70925636307 0.333341251243
42.3 -1.69245231896 0.338862962269
42.35 -1.67536564524 0.344649991713
42.4 -1.65798252914 0.350724499557
42.45 -1.64028800306 0.357110588093
42.5 -1.62226583796 0.363834675284
42.55 -1.60389841779 0.370925893115
42.6 -1.58516659303 0.378416524536
42.65 -1.56604951117 0.38634249394
42.7 -1.54652442092 0.394743927471
42.75 -1.52656644596 0.403665801498
42.8 -1.50614832448 0.413158694785
42.85 -1.48524011119 0.423279666174
42.9 -1.46380881779 0.434093330942
42.95 -1.44181801527 0.445673064794
43.0 -1.41922735484 0.458102499279
43.05 -1.39599201413 0.471477289181
43.1 -1.37206204552 0.485907240926
43.15 -1.34738160271 0.501518881888
43.2 -1.32188803134 0.518458576551
43.25 -1.29551078625 0.536896315526
43.3 -1.26817013939 0.557030344946
43.35 -1.23977562611 0.579092873103
43.4 -1.21022418074 0.603357085867
43.45 -1.17939787082 0.630145857118
43.5 -1.1471611652 0.659842492859
43.55 -1.11335757893 0.692904245493
43.6 -1.07780557427 0.729879113894
43.65 -1.04029352324 0.771426900948
43.7 -1.00057345769 0.818345748307
43.75 -0.958353384568 0.871605106213
43.8 -0.913287708441 0.932387123769
43.85 -0.864965367673 1.00213774539
43.9 -0.812895134209 1.08262909492
43.95 -0.756487498349 1.17603361789
44.0 -0.695032585364 1.2850082152
44.05 -0.627673735032 1.41278099887
44.1 -0.553377041938 1.56322293659
44.15 -0.470898441843 1.74086410606
44.2 -0.378752926317 1.95077448912
44.25 -0.27519607305 2.19815668353
44.3 -0.158238462256 2.48738074794
44.35 -0.0257309002419 2.82003046732
44.4 0.124416163928 3.19138934059
44.45 0.293788075582 3.58492001859
44.5 0.482702564511 3.96527912254
44.55 0.689119509937 4.27310507296
44.6 0.907482090226 4.42906243757
44.65 1.12818659542 4.35605969355
44.7 1.33862909045 4.01812054702
44.75 1.52615521718 3.45193361194
44.8 1.68170444961 2.7592702317
44.85 1.80199156317 2.05999898022
44.9 1.88911171731 1.44341401452
44.95 1.94840510623 0.949821914893
45.0 1.98617358297 0.580359036364
45.05 2.00819378923 0.315910800346
45.1 2.01910331358 0.131874337807
45.15 2.02234487697 0.00582493560954
45.2 2.02035502126 -0.0799093619614
45.25 2.01480876799 -0.13822422009
45.3 2.00683788527 -0.178126905116
45.35 1.99719960525 -0.20575163011
45.4 1.98639795994 -0.22521706481
45.45 1.97476762776 -0.239268630513
45.5 1.96253057749 -0.249731359106
45.55 1.94983385914 -0.257818814515
45.6 1.93677465538 -0.264339960388
45.65 1.92341684645 -0.269836318353
45.7 1.90980196286 -0.27467248052
45.75 1.89595643729 -0.279095758777
45.8 1.88189641705 -0.283275528161
45.85 1.86763096644 -0.287329243267
45.9 1.85316420141 -0.291339692241
45.95 1.83849671633 -0.295366502112
46.0 1.82362653677 -0.29945384903
46.05 1.80854975363 -0.303635655365
46.1 1.79326094144 -0.30793912029
46.15 1.77775343075 -0.312387153775
46.2 1.76201947738 -0.317000063518
46.25 1.74605036109 -0.321796756263
46.3 1.72983643259 -0.326795611907
46.35 1.71336712228 -0.332015139617
46.4 1.69663092131 -0.337474507329
46.45 1.67961533685 -0.343193973768
46.5 1.6623068273 -0.349195275584
46.55 1.64469071967 -0.355502000962
46.6 1.62675110757 -0.362139959723
46.65 1.60847073052 -0.369137574198
46.7 1.58983083279 -0.37652630537
46.75 1.57081099988 -0.384341128557
46.8 1.55138896953 -0.392621074989
46.85 1.53154041357 -0.401409856176
46.9 1.51123868508 -0.410756592854
46.95 1.49045453437 -0.420716645149
47.0 1.46915575924 -0.431352658862
47.05 1.44730682278 -0.442735716379
47.1 1.42486839276 -0.45494676319
47.15 1.40179680985 -0.468078296102
47.2 1.37804345932 -0.482236406458
47.25 1.35355403104 -0.497543224771
47.3 1.3282676467 -0.514139888289
47.35 1.3021158243 -0.532190146909
47.4 1.27502123722 -0.551884784845
47.45 1.2468962328 -0.573447028323
47.5 1.21764105703 -0.597139180299
47.55 1.18714168253 -0.623270940328
47.6 1.15526721506 -0.652209527815
47.65 1.12186669722 -0.684392503335
47.7 1.08676521211 -0.720343657023
47.75 1.04975909606 -0.760692933899
47.8 1.01061001604 -0.806201492863
47.85 0.969037670895 -0.857792942935
47.9 0.92471071831 -0.916592523374
47.95 0.877235523603 -0.98397563723
48.0 0.826142213659 -1.06162735137
48.05 0.770867459668 -1.1516136775
48.1 0.71073341979 -1.25646360281
48.15 0.644922402162 -1.3792563895
48.2 0.572447318599 -1.52369951337
48.25 0.492119104099 -1.69416411397
48.3 0.402514739699 -1.89560997852
48.35 0.301954324685 -2.13326919974
48.4 0.188504650305 -2.41185215696
48.45 0.0600421348438 -2.73388755905
48.5 -0.0855684190025 -3.09664891681
48.55 -0.250094384696 -3.48714026922
48.6 -0.434257108543 -3.87531179299
48.65 -0.636712492013 -4.2078847242
48.7 -0.852862489473 -4.40920809691
48.75 -1.07408162026 -4.39844232834
48.8 -1.28829926549 -4.12562493295
48.85 -1.48252589979 -3.60830539559
48.9 -1.64651945307 -2.93547355696
48.95 -1.77550544602 -2.22775641219
49.0 -1.8704083901 -1.58510675773
49.05 -1.93599695682 -1.05981567937
49.1 -1.9785110461 -0.660977155804
49.15 -2.00394375313 -0.37283333354
49.2 -2.01723480998 -0.171167373626
49.25 -2.02210993474 -0.0326277288574
49.3 -2.02123169963 0.0616973022876
49.35 -2.01644130198 0.125817857223
49.4 -2.00898708122 0.169605169588
49.45 -1.99970585547 0.19981557122
49.5 -1.98915516512 0.220997880876
49.55 -1.97770537901 0.236188184013
49.6 -1.96560219519 0.247405439745
49.65 -1.95300843969 0.255991758253
49.7 -1.9400318075 0.262841093461
49.75 -1.92674321146 0.268551151494
49.8 -1.9131889131 0.273523718884
49.85 -1.89939855091 0.278030786434
49.9 -1.8853904649 0.282258147111
49.95 -1.871175237 0.286334202005
