0.0 -2.0 0.0
0.05 -1.99783650539 0.0805192526895
0.1 -1.99242982044 0.131941765547
0.15 -1.98494561809 0.165038181456
0.2 -1.97611594912 0.186654855873
0.25 -1.96639888062 0.201094318855
0.3 -1.95608074366 0.211047560484
0.35 -1.94534052341 0.218196552138
0.4 -1.93429005902 0.223594669593
0.45 -1.92299906951 0.227904143769
0.5 -1.91151073167 0.231543497682
0.55 -1.89985139899 0.234779018176
0.6 -1.88803668066 0.237781552857
0.65 -1.87607525995 0.240661896943
0.7 -1.86397130029 0.243492915359
0.75 -1.85172596824 0.246323452888
0.8 -1.83933839786 0.249187107859
0.85 -1.8268063034 0.252107814384
0.9 -1.81412636621 0.255103405721
0.95 -1.80129447911 0.258187926854
1.0 -1.78830589474 0.26137312396
1.05 -1.77515531412 0.264669436408
1.1 -1.76183693516 0.268086671755
1.15 -1.74834447114 0.271634457587
1.2 -1.73467115088 0.275322572645
1.25 -1.72080970554 0.279161203975
1.3 -1.70675234239 0.283161142705
1.35 -1.69249071027 0.287333959852
1.4 -1.67801585682 0.291692169337
1.45 -1.66331817693 0.296249386642
1.5 -1.64838735368 0.301020497261
1.55 -1.63321229049 0.306021837253
1.6 -1.61778103354 0.311271392746
1.65 -1.60208068382 0.316789025434
1.7 -1.58609729708 0.322596729466
1.75 -1.56981577 0.328718926705
1.8 -1.55321971025 0.335182809128
1.85 -1.53629128662 0.342018740565
1.9 -1.51901106568 0.349260702886
1.95 -1.50135780976 0.356946866949
2.0 -1.48330825435 0.365120228232
2.05 -1.4648368507 0.373829359278
2.1 -1.44591546753 0.383129302624
2.15 -1.42651302942 0.393082699547
2.2 -1.40659511551 0.40376103423
2.25 -1.38612347856 0.415246201098
2.3 -1.36505547724 0.427632399365
2.35 -1.34334340667 0.441028409754
2.4 -1.32093370777 0.455560359342
2.45 -1.29776599776 0.471375226634
2.5 -1.27377194729 0.48864496449
2.55 -1.24887389542 0.50757179005
2.6 -1.2229831822 0.528394687127
2.65 -1.1959981167 0.551397570628
2.7 -1.16780147003 0.576919637391
2.75 -1.13825741425 0.605368358836
2.8 -1.10720769824 0.637236173377
2.85 -1.07446689721 0.673121773249
2.9 -1.03981643555 0.713757607633
2.95 -1.00299704713 0.760045416369
3.0 -0.96369921647 0.813102332892
3.05 -0.921550967492 0.874320923683
3.1 -0.876102236307 0.945447178213
3.15 -0.826804759255 1.02868165718
3.2 -0.772986258429 1.12680888487
3.25 -0.713817310806 1.24335982704
3.3 -0.648269307368 1.38280716568
3.35 -0.575061915902 1.55078116047
3.4 -0.492600231001 1.75426119738
3.45 -0.398904967802 2.00162998597
3.5 -0.291548392906 2.30232950547
3.55 -0.167627901203 2.66557445163
3.6 -0.0238476491092 3.09709533704
3.65 0.143154747037 3.59227589992
3.7 0.336010443206 4.12397213914
3.75 0.555086065997 4.62592997588
3.8 0.7961905863 4.98184914826
3.85 1.04836713607 5.04476610861
3.9 1.29393832553 4.70867402386
3.95 1.51291502709 3.99876557052
4.0 1.69037242938 3.08379287119
4.05 1.82145892247 2.17599055948
4.1 1.91054506925 1.41903009146
4.15 1.9666574035 0.857636127299
4.2 1.99924496774 0.471750142936
4.25 2.01604263389 0.218591462324
4.3 2.0226218246 0.0568448132458
4.35 2.02271671202 -0.0451897823519
4.4 2.01872970374 -0.109359555338
4.45 2.01217174145 -0.149898178995
4.5 2.00398192515 -0.175803541471
4.55 1.99474078495 -0.192675464698
4.6 1.98480654919 -0.203974101283
4.65 1.97440026114 -0.211833076737
4.7 1.96365834646 -0.217569496781
4.75 1.95266492656 -0.221999018534
4.8 1.94147166527 -0.225629144321
4.85 1.93010997728 -0.228777551178
4.9 1.91859856034 -0.231644587885
4.95 1.90694805806 -0.234357791547
5.0 1.89516396014 -0.236999344158
5.05 1.88324841132 -0.239623067456
5.1 1.87120134402 -0.242264998188
5.15 1.85902118964 -0.244950014317
5.2 1.84670532407 -0.247696001625
5.25 1.83425034627 -0.250516500786
5.3 1.82165224977 -0.253422396808
5.35 1.80890652701 -0.256423023697
5.4 1.79600822672 -0.259526874385
5.45 1.78295198347 -0.262742086942
5.5 1.76973202666 -0.26607677974
5.55 1.75634217529 -0.269539292522
5.6 1.74277582167 -0.27313836663
5.65 1.72902590794 -0.276883299335
5.7 1.7150848947 -0.28078407435
5.75 1.70094472325 -0.284851487406
5.8 1.68659677202 -0.289097272339
5.85 1.67203180701 -0.2935342298
5.9 1.65723992501 -0.29817637266
5.95 1.64221048859 -0.303039086708
6.0 1.62693205181 -0.308139309752
6.05 1.61139228107 -0.313495726332
6.1 1.59557786236 -0.319129001329
6.15 1.57947438629 -0.325062083426
6.2 1.56306623365 -0.331320476814
6.25 1.54633644255 -0.337932591654
6.3 1.52926654761 -0.344930201877
6.35 1.51183640028 -0.352348938235
6.4 1.49402396281 -0.360228858664
6.45 1.47580507083 -0.368615124029
6.5 1.45715315515 -0.377558842773
6.55 1.43803892235 -0.387118031586
6.6 1.41842999019 -0.397358748642
6.65 1.39829043002 -0.40835655697
6.7 1.37758027233 -0.420198123644
6.75 1.35625489171 -0.432983308993
6.8 1.33426429043 -0.446827629786
6.85 1.31155224314 -0.461865282498
6.9 1.28805527115 -0.47825288672
6.95 1.26370140631 -0.496174090174
7.0 1.23840870972 -0.515845271399
7.05 1.21208345888 -0.537522704652
7.1 1.184617943 -0.561511510063
7.15 1.15588773098 -0.588177074343
7.2 1.12574833275 -0.61795936963
7.25 1.0940310199 -0.651391404114
7.3 1.06053760624 -0.689122864974
7.35 1.02503388996 -0.731950600743
7.4 0.987241338115 -0.780858191437
7.45 0.946826537263 -0.837067254358
7.5 0.903387681735 -0.902104329327
7.55 0.856437263866 -0.977887626583
7.6 0.805379794242 -1.06683911917
7.65 0.749483187935 -1.17202708594
7.7 0.687842187759 -1.29734245549
7.75 0.619332177641 -1.44770518854
7.8 0.542552291729 -1.62927831731
7.85 0.455758930329 -1.84962316524
7.9 0.356796003662 -2.1176343821
7.95 0.24304075929 -2.44289847079
8.0 0.111409976463 -2.83376012623
8.05 -0.0414795746019 -3.2928184988
8.1 -0.218823882194 -3.80804459987
8.15 -0.422561461299 -4.33836000757
8.2 -0.651500331871 -4.79734202187
8.25 -0.898882416937 -5.05102539269
8.3 -1.15077540607 -4.95777767697
8.35 -1.3877661381 -4.45644326432
8.4 -1.59104376054 -3.63672584986
8.45 -1.74951547027 -2.70110737694
8.5 -1.86251388527 -1.84356507676
8.55 -1.93692286183 -1.165951508
8.6 -1.98234227538 -0.680850342892
8.65 -2.00766104942 -0.354676170215
8.7 -2.01972090325 -0.143420505015
8.75 -2.02328321669 -0.00933262086188
8.8 -2.02147728941 0.0750628492017
8.85 -2.016294401 0.128191996922
8.9 -2.00897961914 0.161884963201
8.95 -2.00030462774 0.183562680653
9.0 -1.99074596365 0.197826405006
9.05 -1.98059764272 0.207515494077
9.1 -1.97004111192 0.214381028479
9.15 -1.95918834145 0.21950514832
9.2 -1.94810829532 0.223559181648
9.25 -1.93684319606 0.226961793329
9.3 -1.92541854047 0.229975804323
9.35 -1.9138492876 0.232767558174
9.4 -1.90214369599 0.23544342967
9.45 -1.89030571413 0.238072381289
9.5 -1.87833647315 0.240699947309
9.55 -1.86623522355 0.243356966845
9.6 -1.85399992223 0.246065055815
9.65 -1.84162760074 0.248840067053
9.7 -1.82911459414 0.251694289973
9.75 -1.81645668158 0.254637869054
9.8 -1.80364916882 0.257679722838
9.85 -1.79068693291 0.260828150195
9.9 -1.77756444249 0.26409124692
9.95 -1.76427576062 0.267477198416
10.0 -1.75081453397 0.270994487172
10.05 -1.73717397404 0.274652065373
10.1 -1.7233468301 0.278459496421
10.15 -1.70932535556 0.282427079633
10.2 -1.69510126656 0.286565980628
10.25 -1.68066569727 0.290888353983
10.3 -1.66600914785 0.29540747568
10.35 -1.65112142294 0.300137901084
10.4 -1.6359915639 0.305095627651
10.45 -1.62060777281 0.310298279603
10.5 -1.604957325 0.315765325144
10.55 -1.58902647485 0.321518323854
10.6 -1.57280032944 0.327581242182
10.65 -1.55626274163 0.33398070961
10.7 -1.53939615254 0.3407464656
10.75 -1.52218143142 0.347911797552
10.8 -1.50459768634 0.355514066964
10.85 -1.4866220383 0.363595330736
10.9 -1.46822937308 0.372203083396
10.95 -1.44939205125 0.381391123671
11.0 -1.43007956578 0.391220599557
11.05 -1.41025813784 0.401761286063
11.1 -1.38989025338 0.413093062105
11.15 -1.36893411742 0.425307722553
11.2 -1.34734300093 0.438511205456
11.25 -1.32506447023 0.452826270023
11.3 -1.30203947256 0.468395767125
11.35 -1.27820121288 0.485386786348
11.4 -1.25347384361 0.503995584032
11.45 -1.22777084446 0.524453905879
11.5 -1.2009930633 0.547036803778
11.55 -1.17302631234 0.572072519843
11.6 -1.14373840402 0.599954995967
11.65 -1.11297548885 0.631159784583
11.7 -1.08055748685 0.666264422048
11.75 -1.0462723679 0.705974616092
11.8 -1.00986890781 0.751158258544
11.85 -0.971047554584 0.802889284162
11.9 -0.92944874364 0.862504946064
11.95 -0.884637956587 0.931680209042
12.0 -0.836086539685 1.012524153
12.05 -0.783146994362 1.10770404001
12.1 -0.725021332892 1.22060141448
12.15 -0.660720744696 1.3555019382
12.2 -0.589015100482 1.51780928912
12.25 -0.508371786257 1.71424711654
12.3 -0.416886647654 1.9529516484
12.35 -0.312217236617 2.24323004678
12.4 -0.191545775091 2.59450453824
12.45 -0.0516332969434 3.01351853996
12.5 0.110912385835 3.49827266776
12.55 0.298944930492 4.02688255776
12.6 0.513395265713 4.54143093572
12.65 0.751089613871 4.93458596823
12.7 1.00240117223 5.06120559772
12.75 1.25068617213 4.80055652787
12.8 1.47585602859 4.14947226209
12.85 1.66154515619 3.25547377397
12.9 1.80095984893 2.33270921659
12.95 1.89708357256 1.54233551634
13.0 1.95846188682 0.945597639892
13.05 1.99468962022 0.530744744483
13.1 2.01388344222 0.256738967072
13.15 2.02199633595 0.0810349408057
13.2 2.0230594419 -0.0299714700501
13.25 2.01968132168 -0.0997804629054
13.3 2.01350775038 -0.143822663938
13.35 2.00556324041 -0.171893328636
13.4 1.99648153299 -0.190101227012
13.45 1.98665374958 -0.202224199753
13.5 1.97632121703 -0.210591994754
13.55 1.96563287982 -0.2166422402
13.6 1.95468060913 -0.221264603613
13.65 1.94352088841 -0.225012108151
13.7 1.93218814739 -0.228230511215
13.75 1.92070298385 -0.231137547734
13.8 1.90907724982 -0.233871562681
13.85 1.89731721259 -0.236521482655
13.9 1.88542552538 -0.239145352879
13.95 1.87340246023 -0.241781860449
14.0 1.86124668226 -0.244457546358
14.05 1.84895573466 -0.247191335578
14.1 1.83652634245 -0.249997411309
14.15 1.8239545999 -0.252887045398
14.2 1.81123608524 -0.255869792515
14.25 1.79836592501 -0.258954256775
14.3 1.78533882794 -0.262148612435
14.35 1.77214909716 -0.265460961213
14.4 1.75879062729 -0.268899588148
14.45 1.74525688973 -0.272473149043
14.5 1.73154091067 -0.27619083007
14.55 1.71763524089 -0.280062480735
14.6 1.70353191921 -0.284098739712
14.65 1.68922242995 -0.288311160832
14.7 1.6746976545 -0.292712340349
14.75 1.65994781607 -0.29731605903
14.8 1.64496241605 -0.302137440425
14.85 1.62973016096 -0.307193126669
14.9 1.61423888581 -0.312501466495
14.95 1.5984754625 -0.318082745149
15.0 1.58242568903 -0.323959476976
15.05 1.56607417517 -0.330156677289
15.1 1.54940421547 -0.336702192153
15.15 1.53239763012 -0.343627152151
15.2 1.5150345911 -0.350966447294
15.25 1.49729342164 -0.358759281611
15.3 1.47915036348 -0.367049828529
15.35 1.46057930644 -0.375888051295
15.4 1.44155147856 -0.38533063035
15.45 1.42203509233 -0.395442056703
15.5 1.40199489748 -0.40629605837
15.55 1.38139170255 -0.417977137424
15.6 1.36018177865 -0.430582585756
15.65 1.33831616455 -0.444224865047
15.7 1.31573983799 -0.459034521244
15.75 1.29239072648 -0.475163773477
15.8 1.26819850644 -0.492790973195
15.85 1.24308317766 -0.512126055207
15.9 1.21695331223 -0.533417430882
15.95 1.18970392985 -0.556960566413
16.0 1.16121386939 -0.58310891759
16.05 1.13134257298 -0.612287651064
16.1 1.09992607464 -0.645011269144
16.15 1.06677199158 -0.681906187484
16.2 1.03165323377 -0.723739844201
16.25 0.994300043163 -0.771458423726
16.3 0.954389895936 -0.826235785928
16.35 0.911534589489 -0.889537201806
16.4 0.865263701268 -0.96320210801
16.45 0.815003305726 -1.04955119818
16.5 0.760048627122 -1.15152308325
16.55 0.699529042656 -1.27284443501
16.6 0.632363750886 -1.41823179986
16.65 0.557206840086 -1.5936074339
16.7 0.472382296536 -1.80627348676
16.75 0.375813944787 -2.06490596258
16.8 0.264966109944 -2.37905826816
16.85 0.136833670339 -2.75753884979
16.9 -0.0119356951639 -3.20449880374
16.95 -0.184630772802 -3.71148357037
17.0 -0.383533389524 -4.2439755402
17.05 -0.608195710098 -4.72471412438
17.1 -0.853045727855 -5.02701917092
17.15 -1.10546029193 -5.00512661558
17.2 -1.34668392719 -4.57603465775
17.25 -1.55721852017 -3.80102259639
17.3 -1.72418288624 -2.87016909398
17.35 -1.84509626501 -1.98774606848
17.4 -1.92583090719 -1.27436806459
17.45 -1.97581261965 -0.755986001821
17.5 -2.00421317308 -0.404196696721
17.55 -2.01827432349 -0.175133347077
17.6 -2.02310857594 -0.0293536615827
17.65 -2.02210352687 0.0624760835915
17.7 -2.01742465143 0.120251210996
17.75 -2.01042919423 0.15682277957
17.8 -2.00195931749 0.180277771437
17.85 -1.99253528985 0.195637952504
17.9 -1.98247811978 0.206003713496
17.95 -1.97198589989 0.213286883909
18.0 -1.96118088434 0.218668323516
18.05 -1.95013841432 0.222880008279
18.1 -1.93890468734 0.226377945791
18.15 -1.92750769376 0.229448025198
18.2 -1.9159639697 0.232270897571
18.25 -1.90428278097 0.234961844498
18.3 -1.8924687282 0.237595395734
18.35 -1.88052337237 0.240220576246
18.4 -1.86844625423 0.242870415237
18.45 -1.85623553337 0.245567901541
18.5 -1.8438883894 0.248329743474
18.55 -1.83140127158 0.25116875572
18.6 -1.81877005249 0.254095391105
18.65 -1.80599011997 0.257118740579
18.7 -1.79305642678 0.260247178988
18.75 -1.77996351528 0.263488815009
18.8 -1.76670552274 0.266851800076
18.85 -1.75327617276 0.270344549211
18.9 -1.73966875778 0.273975917863
18.95 -1.72587611357 0.277755348402
19.0 -1.71189058632 0.281692997637
19.05 -1.69770399321 0.285799863929
19.1 -1.68330757816 0.290087912169
19.15 -1.668691961 0.294570202799
19.2 -1.65384707748 0.299261047462
19.25 -1.6387621132 0.304176168171
19.3 -1.62342542882 0.309332878754
19.35 -1.60782447469 0.314750295841
19.4 -1.59194570089 0.320449571665
19.45 -1.57577443039 0.326454219123
19.5 -1.5592947548 0.332790354859
19.55 -1.5424893832 0.339487121038
19.6 -1.52533948539 0.346577118638
19.65 -1.50782450428 0.354096928736
19.7 -1.48992193952 0.362087705249
19.75 -1.47160710462 0.370595889277
19.8 -1.45285284473 0.379674056393
19.85 -1.43362919891 0.389381942298
19.9 -1.41390301919 0.399787638177
19.95 -1.39363750708 0.410969068922
20.0 -1.37279169228 0.423015704942
20.05 -1.35131979664 0.436030728661
20.1 -1.3291704886 0.45013361136
20.15 -1.30628599444 0.465463275043
20.2 -1.28260101923 0.482182060043
20.25 -1.2580414735 0.500480486203
20.3 -1.23252291254 0.520583314577
20.35 -1.20594864565 0.542757055231
20.4 -1.17820742406 0.567319421378
20.45 -1.14917058095 0.594651348265
20.5 -1.11868852055 0.625212158641
20.55 -1.08658632064 0.659559088593
20.6 -1.05265824994 0.698372267629
20.65 -1.01666083301 0.742487140227
20.7 -0.978304093867 0.792936342039
20.75 -0.937240386129 0.851004269539
20.8 -0.893050118069 0.918297976548
20.85 -0.845223410558 0.996839262517
20.9 -0.793136513801 1.08918322422
20.95 -0.736021537395 1.19856830874
21.0 -0.672927821216 1.32910025628
21.05 -0.602673381889 1.48596319664
21.1 -0.523785602309 1.67562859344
21.15 -0.434433175821 1.90597944607
21.2 -0.332357560732 2.18615552814
21.25 -0.214827275512 2.52569834197
21.3 -0.0786685403475 2.93216893925
21.35 0.0795185212121 3.40581796433
21.4 0.262764779216 3.92946913595
21.45 0.472491878571 4.45303817577
21.5 0.706460190855 4.87845726453
21.55 0.956346588696 5.06449635077
21.6 1.20665952016 4.87906561325
21.65 1.43746346081 4.2919481394
21.7 1.63115956281 3.42637639663
21.75 1.77901407619 2.49410122434
21.8 1.88247082174 1.67224350875
21.85 1.9494390425 1.03964596586
21.9 1.9895768797 0.594395922374
21.95 2.01136289419 0.298111288931
22.0 2.02114141286 0.107337346817
22.05 2.02325778037 -0.0134119350401
22.1 2.02054208434 -0.0893638418686
22.15 2.01478619067 -0.137228433265
22.2 2.00710756532 -0.167662913711
22.25 1.99819798801 -0.18732945508
22.3 1.98848449129 -0.200352388506
22.35 1.97823054981 -0.209275667835
22.4 1.96759877295 -0.215668621728
22.45 1.95668948539 -0.220501786116
22.5 1.94556442283 -0.224377901957
22.55 1.93426129693 -0.227673377935
22.6 1.9228027706 -0.230624912779
22.65 1.91120200698 -0.233382632686
22.7 1.899466115 -0.236042810274
22.75 1.88759829635 -0.238668088556
22.8 1.87559918791 -0.241300039245
22.85 1.86346770425 -0.243967013412
22.9 1.85120156577 -0.246689068955
22.95 1.83879762963 -0.249481091103
23.0 1.82625209454 -0.252354777412
23.05 1.81356062664 -0.255319928
23.1 1.80071843136 -0.258385275291
23.15 1.78772029201 -0.26155904151
23.2 1.77456058527 -0.264849319729
23.25 1.76123328094 -0.26826434681
23.3 1.7477319288 -0.271812698135
23.35 1.73404963802 -0.275503452998
23.4 1.72017904841 -0.27934633104
23.45 1.70611229502 -0.283351817601
23.5 1.6918409663 -0.287531290989
23.55 1.67735605707 -0.291897148533
23.6 1.66264791495 -0.296462943315
23.65 1.64770617821 -0.301243541318
23.7 1.63251970198 -0.306255298653
23.75 1.61707648875 -0.311516231511
23.8 1.60136359052 -0.317046259614
23.85 1.58536701113 -0.322867465529
23.9 1.56907158378 -0.329004392788
23.95 1.55246085472 -0.335484336408
24.0 1.53551692351 -0.342337799752
24.05 1.51822027601 -0.349598949374
24.1 1.5005495897 -0.357306155491
24.15 1.48248150242 -0.365502634733
24.2 1.4639903529 -0.374237234696
24.25 1.4450478796 -0.383565333712
24.3 1.42562287425 -0.393549904408
24.35 1.4056807498 -0.404262888945
24.4 1.38518307267 -0.415786693392
24.45 1.36408698775 -0.428216118047
24.5 1.34234454291 -0.441660666052
24.55 1.31990188632 -0.45624735126
24.6 1.29669831264 -0.472124136528
24.65 1.27266509528 -0.489464259854
24.7 1.24772411527 -0.508471437616
24.75 1.22178616909 -0.529386501665
24.8 1.1947489195 -0.552495627782
24.85 1.16649437068 -0.578140786672
24.9 1.13688576506 -0.606732918392
24.95 1.10576373301 -0.638768767542
25.0 1.07294148754 -0.674852438321
25.05 1.03819879062 -0.715723187444
25.1 1.00127432427 -0.762291426744
25.15 0.961856029953 -0.815685351829
25.2 0.919568766964 -0.877311672219
25.25 0.873958490563 -0.948934614161
25.3 0.824471944118 -1.03277807244
25.35 0.770430505988 -1.13165663038
25.4 0.710996725018 -1.2491394177
25.45 0.645131796395 -1.38974685053
25.5 0.571542601705 -1.55916650956
25.55 0.48861835697 -1.76444189099
25.6 0.394360740572 -2.01401563601
25.65 0.286320617263 -2.31735738075
25.7 0.161574603297 -2.68361472084
25.75 0.0168142034917 -3.11823276197
25.8 -0.15131172696 -3.61588287356
25.85 -0.345371315064 -4.1480237486
25.9 -0.565578818326 -4.64625623302
25.95 -0.807477533137 -4.99212412568
26.0 -1.05977787328 -5.03857766214
26.05 -1.30456722402 -4.68379299208
26.1 -1.52192158299 -3.96013610777
26.15 -1.69730347401 -3.04109472305
26.2 -1.82634041232 -2.13779030762
26.25 -1.91372302314 -1.38937775114
26.3 -1.96857461699 -0.836666706921
26.35 -2.00029674119 -0.457760794917
26.4 -2.01652708747 -0.209572672833
26.45 -2.02274396125 -0.0511340218601
26.5 -2.02261032588 0.0487812918332
26.55 -2.01847959579 0.111621379516
26.6 -2.01183082206 0.151334606233
26.65 -2.00358295471 0.176730024604
26.7 -1.99430398643 0.193287333764
26.75 -1.98434439943 0.204391834572
26.8 -1.97392046048 0.212130980342
26.85 -1.96316564658 0.217793510242
26.9 -1.95216225289 0.222177660272
26.95 -1.94096080678 0.225780214623
27.0 -1.9295920115 0.228912236416
27.05 -1.91807411602 0.231769977346
27.1 -1.90641747818 0.234478426159
27.15 -1.89462740351 0.237118174504
27.2 -1.88270591603 0.239742047196
27.25 -1.87065286738 0.242385456194
27.3 -1.85846663304 0.245072886537
27.35 -1.84614454873 0.247821979376
27.4 -1.8336831829 0.250646123992
27.45 -1.82107850458 0.253556115005
27.5 -1.80832598521 0.256561235673
27.55 -1.79542065418 0.259669952765
27.6 -1.78235712768 0.262890397311
27.65 -1.76912961686 0.266230693872
27.7 -1.7557319217 0.269699195952
27.75 -1.74215741473 0.2733046671
27.8 -1.72839901703 0.277056433125
27.85 -1.71444916655 0.280964511566
27.9 -1.70029977992 0.285039738329
27.95 -1.68594220903 0.289293892733
28.0 -1.67136719121 0.293739825668
28.05 -1.65656479135 0.298391609605
28.1 -1.64152433687 0.303264696986
28.15 -1.62623434414 0.308376098284
28.2 -1.61068243598 0.313744585127
28.25 -1.59485525316 0.319390915822
28.3 -1.57873833165 0.325338155547
28.35 -1.56231599655 0.331611922777
28.4 -1.54557122021 0.338240775206
28.45 -1.52848546598 0.345256647674
28.5 -1.51103850482 0.352695358971
28.55 -1.49320820729 0.360597182606
28.6 -1.47497030589 0.369007532219
28.65 -1.45629811697 0.377977801748
28.7 -1.43716221537 0.387566346406
28.75 -1.41753006773 0.397839625625
28.8 -1.39736557408 0.408873665729
28.85 -1.3766285682 0.42075568293
28.9 -1.35527419815 0.433586189081
28.95 -1.3332522039 0.447481476514
29.0 -1.31050605618 0.462576666158
29.05 -1.28697191855 0.479029502968
29.1 -1.26257740704 0.497024976189
29.15 -1.23724009088 0.51678110589
29.2 -1.21086566538 0.538556167988
29.25 -1.18334572579 0.562657746222
29.3 -1.15455501084 0.589454265646
29.35 -1.12434803105 0.619389474692
29.4 -1.09255484513 0.653001112632
29.45 -1.05897579074 0.690944805572
29.5 -1.0233748531 0.734024926413
29.55 -0.985471262799 0.783234617043
29.6 -0.944928826798 0.839807724214
29.65 -0.901342268274 0.905286465012
29.7 -0.854219713601 0.981609228699
29.75 -0.802960162138 1.0712239163
29.8 -0.746824547358 1.17723197596
29.85 -0.684898757936 1.30356627736
29.9 -0.616046984646 1.45519852939
29.95 -0.538854341297 1.63835257801
30.0 -0.451560042487 1.86065413324
30.05 -0.351987807083 2.1310494361
30.1 -0.237493185561 2.45912421106
30.15 -0.104974222256 2.85308620339
30.2 0.0489577121434 3.31510459617
30.25 0.227470294444 3.83218698014
30.3 0.432407120588 4.36153153844
30.35 0.662377986374 4.81440438157
30.4 0.910319742832 5.05521190108
30.45 1.16198116967 4.94382384684
30.5 1.3978172987 4.42495023651
30.55 1.59922813517 3.59519400494
30.6 1.75558194557 2.65944181293
30.65 1.86664699211 1.80863585182
30.7 1.93953240199 1.13998315204
30.75 1.98386302288 0.662982119479
30.8 2.00845050501 0.34294957245
30.85 2.02003701085 0.135927968716
30.9 2.02329897256 0.00460688043827
30.95 2.02130401804 -0.0780338984767
31.0 2.01600212133 -0.130067953481
31.05 2.00861184928 -0.163082829436
31.1 1.99988826815 -0.184341970201
31.15 1.99029761297 -0.19834745923
31.2 1.98012754286 -0.207877172045
31.25 1.96955558438 -0.214644347762
31.3 1.95869128482 -0.219707889301
31.35 1.94760210494 -0.223724846398
31.4 1.93632932964 -0.227105089458
31.45 1.92489786706 -0.230106004492
31.5 1.91332230352 -0.232890562498
31.55 1.90161065923 -0.235563037808
31.6 1.88976672807 -0.238191079435
31.65 1.87779153903 -0.240819398227
31.7 1.8656842734 -0.243478316224
31.75 1.85344283953 -0.246189125491
31.8 1.84106423333 -0.248967477443
31.85 1.82854476215 -0.251825538125
31.9 1.81588018229 -0.254773379707
31.95 1.80306577936 -0.257819881311
32.0 1.79009641164 -0.26097332487
32.05 1.77696652946 -0.264241804532
32.1 1.76367017733 -0.267633515097
32.15 1.7502009827 -0.271156956905
32.2 1.7365521368 -0.274821106867
32.25 1.7227163672 -0.278635559045
32.3 1.70868590395 -0.282610649205
32.35 1.6944524379 -0.286757584914
32.4 1.68000707563 -0.291088568683
32.45 1.66534028717 -0.295616930976
32.5 1.65044184418 -0.300357288643
32.55 1.63530075172 -0.305325708646
32.6 1.61990517193 -0.310539893758
32.65 1.60424233602 -0.316019401203
32.7 1.58829844927 -0.321785892262
32.75 1.57205856453 -0.327863448009
32.8 1.55550647418 -0.334278828963
32.85 1.53862455192 -0.341061924896
32.9 1.5213935914 -0.348246195925
32.95 1.50379261592 -0.355869201711
33.0 1.48579865107 -0.363973227877
33.05 1.46738647487 -0.372606034733
33.1 1.44852832547 -0.381821730996
33.15 1.42919355755 -0.391681823643
33.2 1.40934823338 -0.402256512577
33.25 1.38895465783 -0.41362617339
33.3 1.36797082739 -0.425883190367
33.35 1.34634977252 -0.439134200804
33.4 1.32403878072 -0.453502798278
33.45 1.30097847468 -0.469132834499
33.5 1.27710167986 -0.486192604058
33.55 1.25233210283 -0.50487982343
33.6 1.22658269676 -0.52542801624
33.65 1.19975368475 -0.548114410335
33.7 1.17173013262 -0.573269930718
33.75 1.14237895768 -0.60129183889
33.8 1.11154522913 -0.632659826935
33.85 1.07904755432 -0.667956616064
33.9 1.04467229837 -0.707894454056
33.95 1.0081662633 -0.753349525099
34.0 0.969227453874 -0.805406336309
34.05 0.927493264484 -0.865415668008
34.1 0.882525365118 -0.935069872739
34.15 0.833790303856 -1.01650038444
34.2 0.78063451211 -1.11240317088
34.25 0.722252307194 -1.22619636122
34.3 0.657645127506 -1.36221150287
34.35 0.585570547831 -1.52590800389
34.4 0.504480666119 -1.724072867
34.45 0.412452841492 -1.96490441862
34.5 0.307123518462 -2.25774667877
34.55 0.185653639374 -2.61197902952
34.6 0.0447892373667 -3.03411204273
34.65 -0.118856659279 -3.5215307895
34.7 -0.308086758392 -4.05109441207
34.75 -0.523698607535 -4.56285560306
34.8 -0.762272923328 -4.94721331695
34.85 -1.01385361356 -5.05836267055
34.9 -1.26152739451 -4.77892081875
34.95 -1.48520638241 -4.11268492983
35.0 -1.66886525825 -3.21277104832
35.05 -1.80619497212 -2.2932444649
35.1 -1.90053897914 -1.51102870547
35.15 -1.96057666841 -0.923146328302
35.2 -1.9958737552 -0.515638381464
35.25 -2.01445343178 -0.246952947352
35.3 -2.02217269672 -0.0748239218989
35.35 -2.02298716627 0.0338798061803
35.4 -2.01945268633 0.102239873748
35.45 -2.01318045314 0.145381394892
35.5 -2.00517304055 0.172895298393
35.55 -1.99605051168 0.190759666232
35.6 -1.98619552994 0.202670676621
35.65 -1.97584420639 0.210907639018
35.7 -1.96514226675 0.216877180665
35.75 -1.95417959019 0.221449933003
35.8 -1.94301142172 0.225167212677
35.85 -1.93167141671 0.228367557309
35.9 -1.92017968518 0.231264232836
35.95 -1.90854776918 0.233992806916
36.0 -1.89678173672 0.236640473429
36.05 -1.88488411084 0.239264192777
36.1 -1.8728550768 0.241901971248
36.15 -1.86069324015 0.244579922724
36.2 -1.84839610153 0.247316705164
36.25 -1.83596035404 0.250126336378
36.3 -1.82338206655 0.253019988504
36.35 -1.81065679577 0.256007159106
36.4 -1.79777964876 0.259096422975
36.45 -1.78474531576 0.262295944238
36.5 -1.77154808157 0.265613828209
36.55 -1.75818182204 0.269058372807
36.6 -1.74463998896 0.272638254669
36.65 -1.73091558768 0.276362687267
36.7 -1.71700114667 0.280241553062
36.75 -1.70288868057 0.28428552954
36.8 -1.68856964751 0.288506214915
36.85 -1.67403490041 0.292916255551
36.9 -1.65927463121 0.297529489747
36.95 -1.64427830686 0.302361105966
37.0 -1.62903459643 0.307427818667
37.05 -1.61353129286 0.312748060366
37.1 -1.59775522266 0.318342208753
37.15 -1.58169213191 0.324232887417
37.2 -1.56532657427 0.330445230086
37.25 -1.54864178068 0.337007222952
37.3 -1.53161950105 0.343950154636
37.35 -1.51423982821 0.351309098149
37.4 -1.49648099604 0.359123468227
37.45 -1.47831914619 0.367437681149
37.5 -1.45972805533 0.376301981947
37.55 -1.4406788228 0.385773380303
37.6 -1.42113951429 0.395916753637
37.65 -1.40107471226 0.406806281382
37.7 -1.38044503356 0.418526997665
37.75 -1.35920652831 0.431176826486
37.8 -1.33730997994 0.444868980642
37.85 -1.31470006996 0.459734902893
37.9 -1.29131437939 0.475927894999
37.95 -1.26708218003 0.493627608129
38.0 -1.24192299461 0.513045559676
38.05 -1.21574483083 0.534432090798
38.1 -1.18844203723 0.55808503539
38.15 -1.15989264857 0.584360777138
38.2 -1.12995514112 0.613688111304
38.25 -1.09846437959 0.646586073777
38.3 -1.06522655616 0.683686782665
38.35 -1.03001283611 0.725764875941
38.4 -0.992551308945 0.773775692456
38.45 -0.952516781628 0.8289047754
38.5 -0.909517717397 0.892632387291
38.55 -0.863079509259 0.96681722888
38.6 -0.812622950068 1.05380477414
38.65 -0.75743657775 1.15656536834
38.7 -0.696641289075 1.27886592791
38.75 -0.629145550824 1.42547294396
38.8 -0.553589979222 1.60236804003
38.85 -0.468281960339 1.81691788802
38.9 -0.371125617777 2.07785444843
38.95 -0.259563637734 2.39474446585
39.0 -0.130571077501 2.77629333267
39.05 0.0192133760024 3.22629121235
39.1 0.193058418651 3.7354372979
39.15 0.393165972335 4.26763586135
39.2 0.618910779564 4.74336933513
39.25 0.864431930183 5.03404407396
39.3 1.11677716638 4.99464702921
39.35 1.35700896151 4.5473430584
39.4 1.56577600218 3.76056415601
39.45 1.73063132657 2.82787934673
39.5 1.84955400237 1.95130045703
39.55 1.92868399752 1.24677329851
39.6 1.9775019124 0.736778835005
39.65 2.00511361917 0.391504885552
39.7 2.01866147657 0.16699418311
39.75 2.02316917591 0.0242121753304
39.8 2.02195844799 -0.0657084615078
39.85 2.01715016086 -0.122289523699
39.9 2.01007276841 -0.15812098047
39.95 2.00155032287 -0.181118963429
40.0 1.99209184934 -0.196197201423
40.05 1.98201141509 -0.206388968
40.1 1.97150283251 -0.213564747025
40.15 1.96068571181 -0.218880004963
40.2 1.94963375518 -0.223051119216
40.25 1.93839213889 -0.226524494786
40.3 1.92698821298 -0.229580090089
40.35 1.91543810883 -0.232394879155
40.4 1.90375083395 -0.235081854772
40.45 1.8919308219 -0.237714116582
40.5 1.8799795237 -0.240339792894
40.55 1.86789640599 -0.242991350552
40.6 1.85567957674 -0.245691425594
40.65 1.84332617797 -0.248456506397
40.7 1.83083263009 -0.251299272492
40.75 1.81819478215 -0.254230096953
40.8 1.80540800142 -0.257258025941
40.85 1.79246722174 -0.260391414021
40.9 1.77936696712 -0.263638365783
40.95 1.7661013564 -0.267007040467
41.0 1.75266409407 -0.270505869343
41.05 1.73904845252 -0.27414373148
41.1 1.72524724613 -0.277930098898
41.15 1.71125279804 -0.281875163726
41.2 1.69705690047 -0.285989965356
41.25 1.68265077019 -0.29028651558
41.3 1.66802499747 -0.294777927833
41.35 1.65316948559 -0.299478574029
41.4 1.6380733845 -0.304404244175
41.45 1.62272501563 -0.309572328716
41.5 1.60711178602 -0.315002031214
41.55 1.59122009756 -0.320714603782
41.6 1.57503521975 -0.326733671775
41.65 1.55854118527 -0.333085478169
41.7 1.54172063696 -0.339799312441
41.75 1.52455467045 -0.34690794464
41.8 1.507022646 -0.354448148122
41.85 1.48910196975 -0.362461299578
41.9 1.47076784954 -0.370994099805
41.95 1.4519930113 -0.380099424607
42.0 1.43274735903 -0.389837358505
42.05 1.41299758936 -0.400276406542
42.1 1.39270672732 -0.411494974791
42.15 1.37183359936 -0.423583105321
42.2 1.35033219292 -0.43664465862
42.25 1.32815090509 -0.450799913729
42.3 1.3052316472 -0.466188758036
42.35 1.2815087549 -0.482974699235
42.4 1.25690770608 -0.501349665695
42.45 1.23134354535 -0.521540133438
42.5 1.20471897662 -0.543814708922
42.55 1.17692202872 -0.568493687736
42.6 1.1478231696 -0.595961194518
42.65 1.11727175875 -0.626680529398
42.7 1.0850916072 -0.661213903733
42.75 1.05107543806 -0.700247709767
42.8 1.0149778746 -0.744625337362
42.85 0.976506593113 -0.7953895266
42.9 0.935311025227 -0.853837609464
42.95 0.890967922602 -0.921593248169
43.0 0.8429628071 -1.00069959425
43.05 0.790666113625 -1.0937391873
43.1 0.733302582655 -1.20398550915
43.15 0.669912211609 -1.33558841436
43.2 0.599301221935 -1.49378600883
43.25 0.519982278241 -1.68511213088
43.3 0.430106160404 -1.91751327205
43.35 0.327393589278 -2.2001735421
43.4 0.209091510526 -2.54261227329
43.45 0.0720092404026 -2.95220390135
43.5 -0.0872530713205 -3.4286714369
43.55 -0.271686155569 -3.95371705175
43.6 -0.482596153236 -4.47535709209
43.65 -0.717518843616 -4.89320352201
43.7 -0.967810116895 -5.0648772517
43.75 -1.21768225648 -4.86080080083
43.8 -1.44713875978 -4.25732868791
43.85 -1.63886685208 -3.38398652111
43.9 -1.78461325471 -2.45353593006
43.95 -1.88621841041 -1.63930092381
44.0 -1.951764952 -1.01565950523
44.05 -1.99090373755 -0.578104514246
44.1 -2.01202558916 -0.287500505183
44.15 -2.02137669104 -0.100584594634
44.2 -2.02322259409 0.017664779738
44.25 -2.02033678127 0.092038552844
44.3 -2.01447366719 0.138920556855
44.35 -2.00672684696 0.16874723612
44.4 -1.99777318255 0.188038698007
44.45 -1.98803047263 0.200830218472
44.5 -1.9777564965 0.209610664527
44.55 -1.96711034997 0.215915488886
44.6 -1.95619018465 0.220694426462
44.65 -1.94505638653 0.224537431761
44.7 -1.93374582424 0.22781303222
44.75 -1.92228063054 0.230753051945
44.8 -1.91067363214 0.233504589153
44.85 -1.89893172225 0.236162029251
44.9 -1.88705796211 0.238786834206
44.95 -1.87505289535 0.241419834867
45.0 -1.8629153729 0.244088917377
45.05 -1.85064307009 0.246813848455
45.1 -1.83823281059 0.249609332867
45.15 -1.82568076675 0.252486958322
45.2 -1.81298258263 0.25545646147
45.25 -1.80013344391 0.258526541129
45.3 -1.78712811531 0.26170540653
45.35 -1.77396095519 0.26500115199
45.4 -1.7606259147 0.26842202581
45.45 -1.74711652418 0.271976622886
45.5 -1.73342587222 0.275674048701
45.55 -1.71954657661 0.279524054817
45.6 -1.70547074856 0.283537164373
45.65 -1.69118995077 0.287724798927
45.7 -1.67669514999 0.292099404902
45.75 -1.66197666307 0.29667459157
45.8 -1.64702409439 0.301465288589
45.85 -1.63182626242 0.30648792247
45.9 -1.61637112822 0.311760591536
45.95 -1.60064569929 0.317303305618
46.0 -1.58463592858 0.323138253945
46.05 -1.56832659407 0.329290096485
46.1 -1.55170117989 0.335786263819
46.15 -1.53474171658 0.342657414133
46.2 -1.51742861249 0.349937892343
46.25 -1.4997404576 0.357666274303
46.3 -1.48165379212 0.36588601193
46.35 -1.46314284389 0.374646227928
46.4 -1.44417922535 0.384002621697
46.45 -1.42473158567 0.394018538562
46.5 -1.40476517401 0.404766361186
46.55 -1.38424137003 0.416329010931
46.6 -1.36311710326 0.428801901065
46.65 -1.34134417294 0.442295262217
46.7 -1.31886843891 0.456936976636
46.75 -1.29562885929 0.472876052761
46.8 -1.27155631428 0.490286984927
46.85 -1.24657222205 0.509375016373
46.9 -1.22058683188 0.530382839471
46.95 -1.19349715666 0.553598909416
47.0 -1.16518442264 0.579368013419
47.05 -1.13551093829 0.608104580359
47.1 -1.10431620512 0.640309706757
47.15 -1.07141206284 0.676592960214
47.2 -1.03657659144 0.717700501166
47.25 -0.999546403289 0.764551494971
47.3 -0.960006873558 0.818285313752
47.35 -0.917579660586 0.880322992435
47.4 -0.871806707456 0.952447153792
47.45 -0.822129695514 1.03690537249
47.5 -0.767863599109 1.13654258404
47.55 -0.708162845055 1.25496650756
47.6 -0.641978343185 1.39674568878
47.65 -0.568004034932 1.56762552102
47.7 -0.484613122788 1.77471372629
47.75 -0.3897881089 2.02651218006
47.8 -0.281058395039 2.33251561095
47.85 -0.155479975895 2.70179786834
47.9 -0.0097323662873 3.13950449948
47.95 0.159522684739 3.63956885493
48.0 0.354787091314 4.17201665984
48.05 0.576117843452 4.66627798454
48.1 0.818787721566 5.00177951802
48.15 1.07117435604 5.03154192313
48.2 1.31513959237 4.65812753054
48.25 1.53084082518 3.92109763658
48.3 1.70413838779 2.99844100419
48.35 1.83113615567 2.09992335886
48.4 1.91683456077 1.36013521252
48.45 1.97044492982 0.816055204303
48.5 2.00131725373 0.444037677485
48.55 2.0169913978 0.200735386695
48.6 2.02285334608 0.0455410696509
48.65 2.02249592043 -0.0522983416576
48.7 2.01822443676 -0.113836824703
48.75 2.01148669374 -0.152742342485
48.8 2.00318191329 -0.177638803822
48.85 1.99386581894 -0.193888281633
48.9 1.98388131384 -0.204802827703
48.95 1.97343999133 -0.212424725124
49.0 1.96267244301 -0.218014963954
49.05 1.95165917667 -0.222354737552
49.1 1.94044960717 -0.225930343996
49.15 1.92907374106 -0.229046374223
49.2 1.91754938768 -0.23189507009
49.25 1.90588662478 -0.234598925935
49.3 1.89409057727 -0.237236976117
49.35 1.88216315068 -0.239861069479
49.4 1.87010411725 -0.242506005994
49.45 1.85791179743 -0.245195886248
49.5 1.8455834873 -0.247948111709
49.55 1.83311572516 -0.2507759238
49.6 1.82050445573 -0.253690028803
49.65 1.8077451295 -0.256699660195
49.7 1.79483275669 -0.259813260312
49.75 1.78176193511 -0.263038953702
49.8 1.76852685753 -0.266384870912
49.85 1.755121305 -0.269859380203
49.9 1.74153863016 -0.273471267536
49.95 1.72777173299 -0.277229887338
