0.0 -1.0 -2.0
0.05 -1.09832517713 -1.92456134821
0.1 -1.19164073594 -1.80038487914
0.15 -1.27767006735 -1.63473886527
0.2 -1.35461548511 -1.43921731929
0.25 -1.4213232783 -1.22757315956
0.3 -1.47732966362 -1.01326190284
0.35 -1.52279336438 -0.807470513319
0.4 -1.55835190493 -0.618073723835
0.45 -1.58494974796 -0.449519853556
0.5 -1.60367823646 -0.303357001678
0.55 -1.61565021711 -0.179037970101
0.6 -1.62191580464 -0.0747248600574
0.65 -1.62341497051 0.0120573455389
0.7 -1.62095796201 0.0839618935903
0.75 -1.61522410714 0.143537956646
0.8 -1.6067711827 0.193082386186
0.85 -1.59604977883 0.234581563854
0.9 -1.58341908527 0.269707533113
0.95 -1.56916206102 0.299843017095
1.0 -1.55349898945 0.326119133409
1.05 -1.5365990378 0.349456124122
1.1 -1.51858981788 0.370602100531
1.15 -1.49956511093 0.390167485455
1.2 -1.47959099552 0.40865450291
1.25 -1.45871062079 0.426481813169
1.3 -1.43694785931 0.444004893038
1.35 -1.41431003227 0.461532862729
1.4 -1.3907898679 0.479342460514
1.45 -1.36636681775 0.49768982851
1.5 -1.34100782606 0.516820710983
1.55 -1.31466761767 0.536979591436
1.6 -1.2872885458 0.558418241844
1.65 -1.25880001873 0.581404123612
1.7 -1.22911750004 0.606229056352
1.75 -1.19814105986 0.633218584585
1.8 -1.16575343188 0.662742496159
1.85 -1.13181750496 0.695226992193
1.9 -1.09617315326 0.731169084067
1.95 -1.05863327776 0.77115388445
2.0 -1.01897889055 0.815875581132
2.05 -0.9769530494 0.86616294283
2.1 -0.932253373679 0.923010367201
2.15 -0.884522856335 0.987615366576
2.2 -0.833338622133 1.06142320159
2.25 -0.77819827519 1.14617859951
2.3 -0.71850351408 1.2439828192
2.35 -0.653540854312 1.35735087283
2.4 -0.58245973431 1.48925655289
2.45 -0.504249121759 1.64314097741
2.5 -0.417715558314 1.82283630125
2.55 -0.321468863061 2.03231758979
2.6 -0.213927408528 2.27513467832
2.65 -0.0933645849019 2.55328743115
2.7 0.0419680170569 2.86522184392
2.75 0.193588232137 3.20262435868
2.8 0.362339173772 3.54601577085
2.85 0.547713063063 3.86019183578
2.9 0.747002925255 4.09263332096
2.95 0.954558294112 4.18023718274
3.0 1.16168563777 4.06861751667
3.05 1.35776196867 3.73943831909
3.1 1.53257168429 3.22840168503
3.15 1.6789084555 2.61613659821
3.2 1.79405342979 1.99515405436
3.25 1.87948620478 1.43665386084
3.3 1.93937644703 0.976575099798
3.35 1.97888845645 0.620603655328
3.4 2.00297620062 0.356798926925
3.45 2.01579675051 0.166718149378
3.5 2.02056970048 0.0320455443233
3.55 2.01966669563 -0.062581332418
3.6 2.01478051946 -0.128964091595
3.65 2.00709597738 -0.175721871889
3.7 1.99743258754 -0.208963015294
3.75 1.98635335199 -0.232940313395
3.8 1.97424359829 -0.250585376013
3.85 1.96136649233 -0.263909376489
3.9 1.94790147748 -0.27429028551
3.95 1.93397060132 -0.282673369159
4.0 1.91965648747 -0.289709135748
4.05 1.90501457119 -0.295847459154
4.1 1.89008142883 -0.301401542941
4.15 1.87488045441 -0.306591339562
4.2 1.85942573895 -0.311573086722
4.25 1.84372472018 -0.316459408347
4.3 1.82777999818 -0.321333072137
4.35 1.8115905774 -0.326256443704
4.4 1.79515271257 -0.331278012647
4.45 1.77846048332 -0.336436960463
4.5 1.76150617371 -0.341766356656
4.55 1.74428051819 -0.347295451168
4.6 1.72677284841 -0.353051334711
4.65 1.70897116884 -0.359060180284
4.7 1.69086217793 -0.365348202233
4.75 1.67243124602 -0.371942428941
4.8 1.65366235775 -0.378871360779
4.85 1.63453802349 -0.386165566232
4.9 1.61503916151 -0.393858252529
4.95 1.59514495127 -0.401985847689
5.0 1.57483265718 -0.410588599071
5.05 1.55407742324 -0.419711258645
5.1 1.53285202526 -0.429403834082
5.15 1.5111265973 -0.439722427585
5.2 1.48886828859 -0.450730258697
5.25 1.46604089074 -0.46249881513
5.3 1.44260437583 -0.475109259154
5.35 1.41851439201 -0.488653998973
5.4 1.39372164282 -0.503238682137
5.45 1.36817117135 -0.518984511368
5.5 1.34180151622 -0.536031038082
5.55 1.31454370834 -0.554539572623
5.6 1.28632008323 -0.574697278152
5.65 1.25704287291 -0.596722161826
5.7 1.2266125124 -0.620869195916
5.75 1.19491561139 -0.647437797423
5.8 1.16182251689 -0.676781005027
5.85 1.1271843373 -0.709316899813
5.9 1.09082937597 -0.745542505465
5.95 1.05255875747 -0.786051118711
6.0 1.01214110022 -0.831553638369
6.05 0.969305998104 -0.882904847599
6.1 0.923736062923 -0.941135499978
6.15 0.875057163242 -1.00749129382
6.2 0.822826564457 -1.08347905043
6.25 0.766518567825 -1.17091992909
6.3 0.705507352223 -1.27200725647
6.35 0.63904695969 -1.38936255551
6.4 0.566248735877 -1.52607522975
6.45 0.486057837747 -1.68569667478
6.5 0.397232196129 -1.87213378144
6.55 0.298331319045 -2.08934139993
6.6 0.187728764168 -2.34064679417
6.65 0.0636728462656 -2.6274458282
6.7 -0.0755648160646 -2.94693304361
6.75 -0.231396556107 -3.28857510661
6.8 -0.404419711663 -3.62949202668
6.85 -0.59368556901 -3.93019849279
6.9 -0.795836810675 -4.13444061624
6.95 -1.0044561323 -4.17874244289
7.0 -1.21021304594 -4.01462949591
7.05 -1.4023079844 -3.63581510183
7.1 -1.5710034351 -3.0909126948
7.15 -1.71008448638 -2.4671888294
7.2 -1.81792828084 -1.85482816592
7.25 -1.89683295532 -1.31714987807
7.3 -1.95136601546 -0.881902053362
7.35 -1.98674138886 -0.549275223367
7.4 -2.00776531864 -0.30482569377
7.45 -2.01837737282 -0.129631954361
7.5 -2.02158408649 -0.00588844630434
7.55 -2.01957937931 0.0809446656732
7.6 -2.0139197583 0.141867615527
7.65 -2.00569048434 0.184840550933
7.7 -1.99564043163 0.215473098048
7.75 -1.98428330953 0.237657590929
7.8 -1.97197037944 0.254071991419
7.85 -1.95894137169 0.266551740852
7.9 -1.9453596134 0.276354070695
7.95 -1.93133606356 0.284341660324
8.0 -1.91694569146 0.291108605849
8.05 -1.90223862348 0.29706622888
8.1 -1.88724773059 0.302501341717
8.15 -1.87199380168 0.307615804522
8.2 -1.85648907594 0.312553412185
8.25 -1.84073965878 0.317418223057
8.3 -1.82474717571 0.322287105783
8.35 -1.80850990204 0.327218361825
8.4 -1.79202353359 0.332257706954
8.45 -1.77528170539 0.33744244203
8.5 -1.75827633427 0.342804393021
8.55 -1.74099783729 0.348372022078
8.6 -1.72343525976 0.354171970098
8.65 -1.70557633555 0.360230210877
8.7 -1.68740749748 0.366572954922
8.75 -1.66891384623 0.37322738484
8.8 -1.65007908554 0.38022229114
8.85 -1.63088542697 0.387588653539
8.9 -1.61131346723 0.395360212073
8.95 -1.59134203501 0.403574042711
9.0 -1.5709480086 0.412271175553
9.05 -1.55010610203 0.421497279229
9.1 -1.52878861197 0.431303434456
9.15 -1.50696513243 0.44174699858
9.2 -1.48460220741 0.452892655954
9.25 -1.46166293954 0.46481360947
9.3 -1.43810653764 0.477592972892
9.35 -1.41388775798 0.491325526334
9.4 -1.38895629415 0.506119651519
9.45 -1.36325602868 0.522099785333
9.5 -1.33672416214 0.539409314951
9.55 -1.30929018188 0.558214081382
9.6 -1.28087463438 0.578706653923
9.65 -1.25138765925 0.60111152532
9.7 -1.22072724802 0.625691435661
9.75 -1.18877713926 0.652755170297
9.8 -1.15540428625 0.682667123902
9.85 -1.12045579771 0.71585907725
9.9 -1.08375519709 0.752844837025
9.95 -1.0450979133 0.794238125232
10.0 -1.00424573321 0.84077484061
10.05 -0.960920036774 0.893340346278
10.1 -0.914793522653 0.95300279999
10.15 -0.865480086484 1.0210534332
10.2 -0.812522513324 1.09905414202
10.25 -0.755377601257 1.18889189258
10.3 -0.693398452329 1.29283685249
10.35 -0.62581393582 1.41359669394
10.4 -0.551705808683 1.55435063839
10.45 -0.469985314261 1.71872974649
10.5 -0.379373291775 1.9106818677
10.55 -0.278392125385 2.13411004543
10.6 -0.16538505739 2.39210096621
10.65 -0.0385899144833 2.68546620485
10.7 0.103689883531 3.01025124676
10.75 0.262758086841 3.35396504104
10.8 0.438982577381 3.69086084241
10.85 0.63102589253 3.97808531864
10.9 0.834987513853 4.15690464457
10.95 1.04385381499 4.16462955151
11.0 1.24786419476 3.95880253988
11.05 1.43620750081 3.54332258374
11.1 1.59965031469 2.97623252919
11.15 1.73281918559 2.3482651857
11.2 1.8349278294 1.7462512517
11.25 1.90884079096 1.22680013249
11.3 1.95935839588 0.811535838022
11.35 1.99167835533 0.49691512328
11.4 2.01046325503 0.267011565485
11.45 2.01947342447 0.102813287648
11.5 2.02154972024 -0.0129566315664
11.55 2.01875197955 -0.094155358803
11.6 2.0125358018 -0.151159577068
11.65 2.00391364929 -0.191432449868
11.7 1.99358318713 -0.220214365804
11.75 1.9820226343 -0.241134017408
11.8 1.96955883456 -0.25668539287
11.85 1.95641479589 -0.268577311269
11.9 1.94274238584 -0.277980447237
11.95 1.92864470017 -0.285698540994
12.0 1.91419129054 -0.292285585205
12.05 1.89942852965 -0.298125593149
12.1 1.88438666957 -0.303486761291
12.15 1.86908465316 -0.308558225563
12.2 1.85353340391 -0.31347508374
12.25 1.83773807298 -0.318335437495
12.3 1.8216995797 -0.323212085196
12.35 1.80541566164 -0.328160554769
12.4 1.78888159218 -0.333224699255
12.45 1.77209065996 -0.338440589463
12.5 1.75503448509 -0.343839275449
12.55 1.73770321812 -0.349448771616
12.6 1.72008565368 -0.355295513443
12.65 1.70216928041 -0.361405455319
12.7 1.68394028305 -0.367804939065
12.75 1.66538350443 -0.374521404144
12.8 1.64648237486 -0.381584011109
12.85 1.62721881154 -0.389024218605
12.9 1.60757308928 -0.396876351931
12.95 1.58752368273 -0.405178183487
13.0 1.5670470761 -0.413971568615
13.05 1.54611755107 -0.423303127685
13.1 1.52470691783 -0.433225057087
13.15 1.50278421813 -0.443796028352
13.2 1.48031538945 -0.455082202539
13.25 1.45726282881 -0.467158567446
13.3 1.43358494334 -0.48011030846
13.35 1.40923558896 -0.494034589428
13.4 1.38416342099 -0.509042636054
13.45 1.35831113135 -0.525262225897
13.5 1.33161455544 -0.542840670586
13.55 1.304001584 -0.561948544015
13.6 1.27539091885 -0.58278400185
13.65 1.24569055085 -0.60557823137
13.7 1.21479595205 -0.630602026529
13.75 1.18258790043 -0.658173876622
13.8 1.14892985763 -0.688669914648
13.85 1.11366477746 -0.722536232495
13.9 1.07661125931 -0.760303981248
13.95 1.03755883207 -0.802608133857
14.0 0.996262212617 -0.850210550051
14.05 0.952434276032 -0.904028346433
14.1 0.905737455798 -0.965168494402
14.15 0.855773226015 -1.03496950511
14.2 0.802069349829 -1.11505033741
14.25 0.744064488367 -1.20736582233
14.3 0.681089943546 -1.31426487717
14.35 0.612348611458 -1.43854268855
14.4 0.536891805092 -1.58346772978
14.45 0.453596117146 -1.75274625352
14.5 0.361144966809 -1.95035468114
14.55 0.258024229405 -2.18011749872
14.6 0.142549335413 -2.44482986846
14.65 0.0129535418834 -2.74463113766
14.7 -0.132416421749 -3.07428253339
14.75 -0.294736443869 -3.41916240806
14.8 -0.474117162053 -3.75050764953
14.85 -0.668800640319 -4.0221225072
14.9 -0.87432167092 -4.17321010368
14.95 -1.08308184417 -4.14275970001
15.0 -1.2849520033 -3.89532939452
15.05 -1.4692072219 -3.44532173947
15.1 -1.62720359275 -2.85939692925
15.15 -1.75443531798 -2.23036313316
15.2 -1.85091630322 -1.64072495824
15.25 -1.92001332293 -1.14023903906
15.3 -1.96670348415 -0.744793010928
15.35 -1.99613528912 -0.447583609833
15.4 -2.01281525371 -0.231534756161
15.45 -2.02032442535 -0.0777114714596
15.5 -2.02134324055 0.0305788379008
15.55 -2.01780391711 0.106511482572
15.6 -2.01106692752 0.159861107374
15.65 -2.0020765051 0.197619043353
15.7 -1.99148249346 0.22467837695
15.75 -1.97973002549 0.244421143585
15.8 -1.96712321709 0.259169753616
15.85 -1.95386949904 0.270515105059
15.9 -1.94011007255 0.279547391756
15.95 -1.92594070385 0.287015532778
16.0 -1.91142589152 0.293436224169
16.05 -1.89660850377 0.299168082844
16.1 -1.88151634316 0.304461982312
16.15 -1.86616662314 0.309495221866
16.2 -1.85056903022 0.314394798965
16.25 -1.83472781574 0.319253271509
16.3 -1.81864322942 0.324139647199
16.35 -1.80231249778 0.329106887981
16.4 -1.78573048739 0.33419711253
16.45 -1.76889015207 0.339445262105
16.5 -1.751782822 0.344881679724
16.55 -1.73439838527 0.350533983619
16.6 -1.71672538761 0.356428442252
16.65 -1.69875107271 0.362591023553
16.7 -1.68046137565 0.369048224286
16.75 -1.66184087897 0.375827763766
16.8 -1.64287273576 0.382959192948
16.85 -1.62353856385 0.390474467931
16.9 -1.60381831132 0.39840851776
16.95 -1.5836900927 0.406799839223
17.0 -1.56312999561 0.415691127914
17.05 -1.54211184962 0.425130006245
17.1 -1.52060697187 0.435169802982
17.15 -1.49858384633 0.44587051827
17.2 -1.47600777298 0.457299891095
17.25 -1.45284043263 0.469534716147
17.3 -1.42903942047 0.48266228707
17.35 -1.40455766301 0.49678225603
17.4 -1.37934275197 0.512008768192
17.45 -1.35333615766 0.528473041583
17.5 -1.3264723009 0.546326490018
17.55 -1.29867744198 0.565744522739
17.6 -1.26986838375 0.586931089917
17.65 -1.23995090167 0.610124312555
17.7 -1.20881787155 0.635603321919
17.75 -1.17634702039 0.663696655339
17.8 -1.14239819456 0.694792659382
17.85 -1.10681006984 0.729352217854
17.9 -1.06939614279 0.767924543541
17.95 -1.02993984602 0.811166645594
18.0 -0.988188577051 0.859867352612
18.05 -0.943846393297 0.914976794989
18.1 -0.896565085368 0.977642255106
18.15 -0.845933260209 1.049251233
18.2 -0.791463118309 1.13148171734
18.25 -0.732574526158 1.22635852134
18.3 -0.668576234206 1.33631124566
18.35 -0.598644329746 1.46422368171
18.4 -0.521798837203 1.61345247326
18.45 -0.436881023637 1.78777334435
18.5 -0.342536677675 1.99117692165
18.55 -0.237216058039 2.22737855653
18.6 -0.119209792736 2.4988250556
18.65 0.0132466187475 2.80488703902
18.7 0.161750357596 3.13889772213
18.75 0.327328497678 3.48392898643
18.8 0.509805309329 3.80807039128
18.85 0.706971167895 4.06186655003
18.9 0.913778996669 4.18296744339
18.95 1.12206598511 4.11299897086
19.0 1.32140515547 3.82446926739
19.05 1.5012576999 3.34239487721
19.1 1.65364595888 2.74106067511
19.15 1.77494484167 2.11396961384
19.2 1.86592360468 1.53848035699
19.25 1.93038643301 1.05748963475
19.3 1.97343506403 0.681581655924
19.35 2.00014016727 0.401150451887
19.4 2.01484277874 0.198269830303
19.45 2.02094608047 0.0542230489899
19.5 2.02097580964 -0.0470569531368
19.55 2.01674297319 -0.11807021242
19.6 2.00951849767 -0.168012576009
19.65 2.00018273383 -0.203428422601
19.7 1.98934087405 -0.228884528397
19.75 1.97740721202 -0.247532285686
19.8 1.96466470388 -0.261534191818
19.85 1.95130628336 -0.272371403057
19.9 1.93746321347 -0.281059226205
19.95 1.92322443316 -0.288295622076
20.0 1.90864972772 -0.294562604121
20.05 1.89377869165 -0.300195162528
20.1 1.87863683518 -0.305428047627
20.15 1.86323975097 -0.310427546612
20.2 1.84759596184 -0.315313112951
20.25 1.83170886991 -0.320172144823
20.3 1.81557809002 -0.325070125934
20.35 1.79920035974 -0.330057625557
20.4 1.78257015647 -0.335175170669
20.45 1.76568010827 -0.340456657383
20.5 1.7485212621 -0.345931789319
20.55 1.73108324687 -0.351627835809
20.6 1.713354361 -0.357570936773
20.65 1.69532160264 -0.363787100597
20.7 1.676970656 -0.370303005852
20.75 1.65828584043 -0.37714667256
20.8 1.63925002806 -0.384348062541
20.85 1.61984453256 -0.391939649636
20.9 1.60004896918 -0.399956989808
20.95 1.57984108518 -0.40843932446
21.0 1.5591965603 -0.417430218248
21.05 1.53808877304 -0.426978304098
21.1 1.51648852499 -0.437138110344
21.15 1.49436373747 -0.447970984022
21.2 1.47167905271 -0.459546294159
21.25 1.44839542318 -0.471942679849
21.3 1.42446960731 -0.485249628104
21.35 1.39985357828 -0.499569353286
21.4 1.37449383713 -0.515019008527
21.45 1.34833060214 -0.531733355081
21.5 1.32129683704 -0.549868052959
21.55 1.29331712691 -0.56960350414
21.6 1.26430631945 -0.591149655264
21.65 1.23416790816 -0.614751803469
21.7 1.20279209252 -0.640697716239
21.75 1.17005345098 -0.669326351429
21.8 1.13580809781 -0.701038718184
21.85 1.09989028756 -0.736311059506
21.9 1.06210824461 -0.775711322201
21.95 1.02223908876 -0.819919424118
22.0 0.98002263435 -0.869752228131
22.05 0.935153814054 -0.926194113489
22.1 0.887273380288 -0.990434234947
22.15 0.835956604712 -1.06391087263
22.2 0.780699553914 -1.1483630697
22.25 0.720902637935 -1.24588772043
22.3 0.655851281052 -1.35899695608
22.35 0.584693908286 -1.49066386972
22.4 0.506418445771 -1.64433160524
22.45 0.419830203163 -1.82383852998
22.5 0.323537288703 -2.03317249331
22.55 0.215955523885 -2.27590532863
22.6 0.0953543248894 -2.55407197159
22.65 -0.040020824615 -2.86616930929
22.7 -0.191696818971 -3.20395006141
22.75 -0.360529301867 -3.54800409023
22.8 -0.546025931157 -3.86316685569
22.85 -0.745495252912 -4.09687183238
22.9 -0.953296458136 -4.18582058275
22.95 -1.16073191758 -4.07528202359
23.0 -1.35715593649 -3.74655246316
23.05 -1.53231570861 -3.23515653354
23.1 -1.67896657109 -2.6218590759
23.15 -1.79436435295 -1.99952303309
23.2 -1.87998182857 -1.4397014872
23.25 -1.93999626479 -0.978544584433
23.3 -1.97958611065 -0.621796820803
23.35 -2.00371981393 -0.35748334962
23.4 -2.01656619052 -0.167094384217
23.45 -2.02135318915 -0.0322490979052
23.5 -2.02045790192 0.062465297474
23.55 -2.01557644514 0.128885104545
23.6 -2.00789554975 0.175651612541
23.65 -1.99823578413 0.208886594994
23.7 -1.98716067919 0.232850630168
23.75 -1.97505579983 0.250479643367
23.8 -1.96218439444 0.26378707085
23.85 -1.94872589854 0.274151936326
23.9 -1.93480232092 0.282519910369
23.95 -1.92049623637 0.28954156182
24.0 -1.90586303264 0.295666650802
24.05 -1.89093924609 0.301208191529
24.1 -1.87574824194 0.306385934478
24.15 -1.86030409149 0.311355909717
24.2 -1.84461422349 0.316230553777
24.25 -1.8286812375 0.321092460556
24.3 -1.81250414561 0.326003836244
24.35 -1.79607921857 0.331013032964
24.4 -1.77940055812 0.336159099313
24.45 -1.76246047669 0.341474975739
24.5 -1.74524974382 0.346989789471
24.55 -1.72775773226 0.352730506792
24.6 -1.70997249404 0.358723173579
24.65 -1.69188078156 0.364993869022
24.7 -1.67346802615 0.371569477181
24.75 -1.65471828043 0.378478337134
24.8 -1.63561413205 0.38575084387
24.85 -1.61613658569 0.393420009876
24.9 -1.59626491767 0.401522038125
24.95 -1.57597650197 0.410096931912
25.0 -1.55524660369 0.419189158062
25.05 -1.53404813767 0.428848392714
25.1 -1.51235138722 0.439130374118
25.15 -1.49012367691 0.450097890102
25.2 -1.46732899199 0.461821933551
25.25 -1.44392753508 0.474383064341
25.3 -1.41987520854 0.487873024478
25.35 -1.3951230113 0.502396654339
25.4 -1.36961632096 0.518074226971
25.45 -1.34329406038 0.535044196806
25.5 -1.31608770719 0.553466552843
25.55 -1.28792011886 0.57352688749
25.6 -1.25870413244 0.595441340923
25.65 -1.22834089042 0.619462638358
25.7 -1.19671783328 0.645887495178
25.75 -1.16370628049 0.675065710055
25.8 -1.12915850595 0.707411371218
25.85 -1.09290419003 0.743416687364
25.9 -1.05474611149 0.783669032119
25.95 -1.01445484894 0.828872159757
26.0 -0.971762373139 0.879872011307
26.05 -0.926354146536 0.937688604088
26.1 -0.877859493343 1.00355449365
26.15 -0.825839858215 1.07896059676
26.2 -0.769774592894 1.16570905114
26.25 -0.709043964492 1.26597093543
26.3 -0.642909265485 1.3823426217
26.35 -0.57049042213 1.5178869675
26.4 -0.490742452941 1.67613117167
26.45 -0.402434161387 1.86096784951
26.5 -0.304136086024 2.07636266773
26.55 -0.194231148689 2.32570487322
26.6 -0.0709717724581 2.61054718057
26.65 0.0673778012693 2.9283987866
26.7 0.22225849514 3.26927169698
26.75 0.394330274161 3.61110137066
26.8 0.582753080798 3.91539395603
26.85 0.784325264198 4.12669414958
26.9 0.992806540317 4.1814530098
26.95 1.19900372988 4.02961693546
27.0 1.39213886362 3.66198152074
27.05 1.56234298283 3.1242510244
27.1 1.70315973618 2.50240672593
27.15 1.81271382207 1.88741695941
27.2 1.89312421864 1.34453244309
27.25 1.94887849739 0.903373916641
27.3 1.98518839903 0.565326106789
27.35 2.00689972568 0.316451390489
27.4 2.01800469698 0.137890934268
27.45 2.02155967074 0.0116960815638
27.5 2.01979936847 -0.0768735944866
27.55 2.0143112111 -0.139006147062
27.6 2.00620285529 -0.182813242678
27.65 1.99623896652 -0.214017797643
27.7 1.9849442167 -0.236593351538
27.75 1.97267740818 -0.253274638489
27.8 1.95968343231 -0.265936205099
27.85 1.94612916345 -0.275862063909
27.9 1.93212799035 -0.283933127109
27.95 1.91775655495 -0.290755894744
28.0 1.90306614133 -0.296750131304
28.05 1.88809042797 -0.302208406991
28.1 1.87285077162 -0.307336512143
28.15 1.85735981627 -0.312280933481
28.2 1.84162396005 -0.317147572125
28.25 1.82564504363 -0.322014549187
28.3 1.80942150664 -0.326941027326
28.35 1.79294917306 -0.331973300905
28.4 1.7762217823 -0.337149051992
28.45 1.75923134042 -0.342500351289
28.5 1.74196834381 -0.348055802226
28.55 1.72442191213 -0.353842114398
28.6 1.70657985173 -0.359885273121
28.65 1.68842866831 -0.366211454624
28.7 1.66995353826 -0.37284776975
28.75 1.65113824558 -0.379822905059
28.8 1.63196508778 -0.387167702332
28.85 1.6124147552 -0.394915732114
28.9 1.59246617964 -0.403103868963
28.95 1.57209635362 -0.411772906046
29.0 1.55128011787 -0.420968233571
29.05 1.52998991311 -0.430740603937
29.1 1.50819548867 -0.441147011019
29.15 1.48586357172 -0.452251689617
29.2 1.46295746829 -0.464127331233
29.25 1.43943661022 -0.476856478555
29.3 1.41525602202 -0.49053319358
29.35 1.39036570548 -0.505265019452
29.4 1.36470988166 -0.521175459114
29.45 1.33822615057 -0.538406743575
29.5 1.31084445793 -0.557123366024
29.55 1.28248588317 -0.577516280753
29.6 1.25306119603 -0.599808020257
29.65 1.22246911294 -0.624259024536
29.7 1.19059422951 -0.651175272837
29.75 1.15730450929 -0.680917776688
29.8 1.12244825251 -0.713914227723
29.85 1.08585041454 -0.750673393299
29.9 1.04730813112 -0.791802864556
29.95 1.00658522312 -0.83803109542
30.0 0.963405528913 -0.890234283799
30.05 0.917444706953 -0.949469412622
30.1 0.868320229298 -1.01701410482
30.15 0.815579221785 -1.094413759
30.2 0.758683698128 -1.18353574683
30.25 0.696993064918 -1.28662732369
30.3 0.62974370143 -1.40637061619
30.35 0.556026190448 -1.54591832234
30.4 0.474761862504 -1.70887844575
30.45 0.38468254635 -1.89918791769
30.5 0.284321530923 -2.12076770533
30.55 0.172030769227 -2.37678053347
30.6 0.0460505984396 -2.66821927172
30.65 -0.0953260653147 -2.99148208017
30.7 -0.25343698836 -3.33467383793
30.75 -0.428720586362 -3.6729100265
30.8 -0.619957458296 -3.96433125115
30.85 -0.823409824184 -4.15089618183
30.9 -1.03223925339 -4.16959413024
30.95 -1.23680612067 -3.97608556464
31.0 -1.42629266834 -3.57122116616
31.05 -1.59130746334 -3.01033613171
31.1 -1.72622536265 -2.38328425212
31.15 -1.830016522 -1.77799391566
31.2 -1.90538491163 -1.25307627058
31.25 -1.957068127 -0.831925156811
31.3 -1.99027230626 -0.512049457199
31.35 -2.00970386179 -0.277924343333
31.4 -2.01917610478 -0.110545987098
31.45 -2.02157826766 0.00752497772256
31.5 -2.01900909855 0.0903475120382
31.55 -2.01295336899 0.14848017078
31.6 -2.00444454293 0.189530190864
31.65 -1.99419503992 0.218844630564
31.7 -1.98269329334 0.240128183967
31.75 -1.97027318098 0.255927835486
31.8 -1.95716252012 0.267988833118
31.85 -1.94351647732 0.277506760879
31.9 -1.92944041095 0.28530230966
31.95 -1.91500543223 0.291941005342
32.0 -1.9002589953 0.297814718298
32.05 -1.88523210677 0.303196998311
32.1 -1.86994424244 0.308280646562
32.15 -1.85440670528 0.313203260846
32.2 -1.83862492242 0.318064657651
32.25 -1.82260001747 0.322938805172
32.3 -1.80632988434 0.327882031158
32.35 -1.78980991906 0.332938722089
32.4 -1.77303351138 0.338145302219
32.45 -1.75599236811 0.343533042425
32.5 -1.73867671803 0.349130083534
32.55 -1.72107542962 0.354962917655
32.6 -1.70317606396 0.361057502368
32.65 -1.68496487912 0.367440137844
32.7 -1.66642679429 0.374138185717
32.75 -1.64754532069 0.381180695074
32.8 -1.62830246262 0.388598980076
32.85 -1.60867859087 0.396427190837
32.9 -1.58865228574 0.40470289303
32.95 -1.56820015053 0.413467693073
33.0 -1.54729659311 0.422767932696
33.05 -1.52591356787 0.432655475581
33.1 -1.5040202836 0.443188591156
33.15 -1.48158285047 0.454433023514
33.2 -1.45856387993 0.466463210836
33.25 -1.43492201743 0.479363725787
33.3 -1.41061139276 0.493231001499
33.35 -1.38558096799 0.508175432388
33.4 -1.35977378842 0.524323798225
33.45 -1.33312609154 0.541822253254
33.5 -1.30556624834 0.560839940113
33.55 -1.27701351034 0.581573349522
33.6 -1.2473765125 0.604251659802
33.65 -1.21655147521 0.629143269852
33.7 -1.18442006024 0.656563766586
33.75 -1.15084676849 0.68688578277
33.8 -1.11567579525 0.72055112638
33.85 -1.0787272159 0.75808574114
33.9 -1.03979231813 0.800118259095
33.95 -0.998627932499 0.84740276874
34.0 -0.954949472608 0.900846900544
34.05 -0.908422438868 0.961546020199
34.1 -0.858652019131 1.03082449727
34.15 -0.805170461831 1.11028424972
34.2 -0.747421876654 1.20185976716
34.25 -0.684744047101 1.30787670616
34.3 -0.616347631811 1.43110415142
34.35 -0.541293012124 1.57478436211
34.4 -0.458467083556 1.74260195481
34.45 -0.366564340176 1.93852628763
34.5 -0.264081352131 2.16640805185
34.55 -0.149341467952 2.42913411059
34.6 -0.0205786322637 2.72705181771
34.65 0.123874478114 3.05531608013
34.7 0.285233605856 3.39995235088
34.75 0.463688288837 3.73310240785
34.8 0.657607985804 4.00955121909
34.85 0.862696159085 4.16906187507
34.9 1.07152527777 4.15003117758
34.95 1.2740680144 3.91484593942
35.0 1.45956365163 3.47478726223
35.05 1.61918587913 2.89406768069
35.1 1.74817086795 2.26502749417
35.15 1.84630064632 1.67154041388
35.2 1.91680047162 1.16539250551
35.25 1.9646008928 0.764121130394
35.3 1.9948681029 0.461836918805
35.35 2.0121557955 0.241770416437
35.4 2.02009784971 0.0849481297678
35.45 2.02142147673 -0.0254999594231
35.5 2.0180958894 -0.102949923727
35.55 2.01150904921 -0.157351756664
35.6 2.00262487064 -0.195833492372
35.65 1.99210696781 -0.223388477212
35.7 1.98040999856 -0.24346982603
35.75 1.96784461584 -0.258449359845
35.8 1.95462273628 -0.269951909166
35.85 1.94088863081 -0.279090817838
35.9 1.92674017587 -0.286630777623
35.95 1.9122433249 -0.293099211509
36.0 1.8974419555 -0.29886204051
36.05 1.8823645761 -0.304175120342
36.1 1.86702890007 -0.30921916384
36.15 1.85144496982 -0.314123490629
36.2 1.8356172975 -0.3189822578
36.25 1.8195463264 -0.323865560762
36.3 1.80322943157 -0.328827100142
36.35 1.78666159844 -0.333909496686
36.4 1.76983587775 -0.33914801009
36.45 1.75274368491 -0.344573186872
36.5 1.7353749851 -0.350212757088
36.55 1.71771839727 -0.356093033957
36.6 1.69976123753 -0.362239978833
36.65 1.68148951487 -0.368680041136
36.7 1.66288788839 -0.37544085278
36.75 1.64393959361 -0.382551848331
36.8 1.62462633754 -0.390044836355
36.85 1.60492816521 -0.397954564308
36.9 1.5848232986 -0.406319310722
36.95 1.56428794459 -0.415181521123
37.0 1.54329606872 -0.424588516153
37.05 1.52181913225 -0.434593293723
37.1 1.49982578566 -0.445255454691
37.15 1.47728151219 -0.456642281265
37.2 1.45414821298 -0.46883000409
37.25 1.43038372222 -0.481905304603
37.3 1.40594124708 -0.495967078624
37.35 1.38076869461 -0.511128608144
37.4 1.35480789795 -0.527520088743
37.45 1.3279936947 -0.545291719803
37.5 1.30025283674 -0.564617445045
37.55 1.27150269283 -0.585699492278
37.6 1.24164969954 -0.608773906067
37.65 1.21058750746 -0.634117326482
37.7 1.17819475069 -0.662055301697
37.75 1.14433235452 -0.692972522387
37.8 1.10884027379 -0.7273254448
37.85 1.07153353829 -0.76565784129
37.9 1.03219739262 -0.808620174786
37.95 0.990581424631 -0.856993185229
38.0 0.946392326445 -0.91171713476
38.05 0.899285065458 -0.973927259916
38.1 0.848852101299 -1.04499639084
38.15 0.794610286437 -1.12658487814
38.2 0.735985109866 -1.22069665372
38.25 0.672292056596 -1.32973739793
38.3 0.602715199601 -1.45656456854
38.35 0.526283896959 -1.60450889495
38.4 0.441849910192 -1.77732632904
38.45 0.348070150957 -1.97900490402
38.5 0.243405281461 -2.2132956136
38.55 0.126152909469 -2.48275435999
38.6 -0.00545288764431 -2.78698925411
38.65 -0.153027265276 -3.11977063052
38.7 -0.317643519824 -3.46486948077
38.75 -0.499213546433 -3.79131678687
38.8 -0.695664257613 -4.05060711075
38.85 -0.90212184918 -4.18079029389
38.9 -1.11058745037 -4.12261089082
38.95 -1.31071412667 -3.8461379435
39.0 -1.49189768629 -3.37325616586
39.05 -1.64595639691 -2.77611234226
39.1 -1.76900458339 -2.14814586182
39.15 -1.86159362537 -1.56831035139
39.2 -1.92740531097 -1.08152097775
39.25 -1.97150976583 -0.699880511633
39.3 -1.99900336412 -0.414563981759
39.35 -2.01427680847 -0.207866971735
39.4 -2.02078556422 -0.0609950449537
39.45 -2.02110042166 0.0423070646147
39.5 -2.01706750514 0.114737725999
39.55 -2.00998360804 0.165661153032
39.6 -2.00074749909 0.201751107403
39.65 -1.98997723598 0.227668560876
39.7 -1.97809599653 0.246631411126
39.75 -1.96539281911 0.260848152855
39.8 -1.95206481158 0.271831535042
39.85 -1.9382460982 0.280618413347
39.9 -1.92402758282 0.287921402472
39.95 -1.90947040852 0.294232496044
40.0 -1.89461511312 0.299893481735
40.05 -1.87948786813 0.305143751955
40.1 -1.86410473356 0.31015276046
40.15 -1.8484745685 0.315042132247
40.2 -1.83260102089 0.31990075173
40.25 -1.81648388949 0.324795115973
40.3 -1.80012005405 0.32977648404
40.35 -1.78350410473 0.334885835468
40.4 -1.76662876526 0.340157368781
40.45 -1.74948516543 0.345620969114
40.5 -1.73206301044 0.351304004578
40.55 -1.71435067148 0.357232648604
40.6 -1.6963352193 0.363432895143
40.65 -1.67800241231 0.369931366224
40.7 -1.65933664784 0.376755990902
40.75 -1.64032088137 0.383936607584
40.8 -1.62093651688 0.391505535111
40.85 -1.60116326852 0.399498142018
40.9 -1.58097899273 0.407953447459
40.95 -1.56035949088 0.41691475676
41.0 -1.53927827427 0.426430404311
41.05 -1.51770629986 0.436554555014
41.1 -1.49561165375 0.447348160945
41.15 -1.47295917685 0.458880097469
41.2 -1.4497100367 0.471228460541
41.25 -1.42582124127 0.484482080167
41.3 -1.40124504847 0.498742403504
41.35 -1.37592828386 0.514125687542
41.4 -1.34981153731 0.530765641098
41.45 -1.32282820913 0.548816647817
41.5 -1.29490338266 0.56845762411
41.55 -1.26595248899 0.58989672317
41.6 -1.23587970233 0.613377098201
41.65 -1.20457602073 0.639183935393
41.7 -1.17191696224 0.667653077311
41.75 -1.13775975613 0.69918174424
41.8 -1.10193997656 0.734241587958
41.85 -1.06426742233 0.773394953115
41.9 -1.02452110124 0.817314896185
41.95 -0.982443092829 0.866809897007
42.0 -0.937731055757 0.922854094108
42.05 -0.890029045354 0.986624107073
42.1 -0.83891631739 1.05954304369
42.15 -0.783893764332 1.14333170451
42.2 -0.72436760726 1.24006548746
42.25 -0.659630241519 1.35223197843
42.3 -0.588838345817 1.48277784789
42.35 -0.510989405857 1.63512092605
42.4 -0.424899408441 1.81308186623
42.45 -0.329187580642 2.02065126765
42.5 -0.222279767847 2.26144716811
42.55 -0.102451240166 2.53763308495
42.6 0.032056332226 2.84797531383
42.65 0.182792157457 3.18470950003
42.7 0.350664936934 3.52917637615
42.75 0.535279003122 3.84718146576
42.8 0.734088191484 4.08705704516
42.85 0.941627861661 4.18571615598
42.9 1.14935462467 4.08724543506
42.95 1.34667866939 3.77026656839
43.0 1.52325244776 3.26722608372
43.05 1.67160861328 2.65710271689
43.1 1.78874364981 2.0330830341
43.15 1.87592838714 1.46849296981
43.2 1.93723656638 1.00145613863
43.25 1.97782871334 0.639096392116
43.3 2.00270575116 0.370094645467
43.35 2.01608789525 0.176087581721
43.4 2.02125448886 0.038584268716
43.45 2.02062586263 -0.0580235663687
43.5 2.01593139924 -0.125766718973
43.55 2.00838214257 -0.173447623511
43.6 1.99881589629 -0.207310313667
43.65 1.98780819107 -0.231703728423
43.7 1.97575286234 -0.249625878074
43.75 1.96291883093 -0.263133113436
43.8 1.9494894174 -0.273633848789
43.85 1.93558929452 -0.282093789253
43.9 1.92130286958 -0.289177137763
43.95 1.90668679696 -0.29534293373
44.0 1.89177849435 -0.300910514354
44.05 1.87660194587 -0.306103949156
44.1 1.86117166156 -0.311082217501
44.15 1.84549538621 -0.315959774552
44.2 1.8295759521 -0.320820600627
44.25 1.81341254543 -0.3257278404
44.3 1.79700157302 -0.330730485779
44.35 1.78033724565 -0.335868006643
44.4 1.76341196868 -0.341173621625
44.45 1.74621659271 -0.346676620541
44.5 1.7287405657 -0.352404053725
44.55 1.71097201232 -0.358381990971
44.6 1.69289775771 -0.364636488319
44.65 1.67450330794 -0.371194365663
44.7 1.65577279516 -0.378083867942
44.75 1.63668889109 -0.38533525913
44.8 1.61723269179 -0.392981391262
44.85 1.59738357295 -0.401058272563
44.9 1.57711902107 -0.409605677287
44.95 1.55641442503 -0.418667806017
45.0 1.53524283715 -0.428294024247
45.05 1.51357469504 -0.438539708555
45.1 1.49137749892 -0.449467221803
45.15 1.46861543123 -0.461147065281
45.2 1.44524891725 -0.473659228722
45.25 1.42123411307 -0.487094786829
45.3 1.39652231439 -0.501557776251
45.35 1.37105922668 -0.517167564521
45.4 1.34478415978 -0.534061493744
45.45 1.31762903537 -0.552398257868
45.5 1.28951722567 -0.572361902531
45.55 1.26036217186 -0.594166698066
45.6 1.23006571325 -0.618063173987
45.65 1.19851611436 -0.644345363464
45.7 1.16558566492 -0.673359834486
45.75 1.13112778775 -0.705516753202
45.8 1.09497353343 -0.741303536868
45.85 1.05692729901 -0.781301785858
45.9 1.01676162283 -0.826208094744
45.95 0.974210818768 -0.876859715097
46.0 0.928963177628 -0.934266008341
46.05 0.880651439295 -0.999646552886
46.1 0.828841185217 -1.07447652248
46.15 0.773016757923 -1.16053921869
46.2 0.712564471016 -1.25998353919
46.25 0.646752790191 -1.37538092873
46.3 0.574710156274 -1.50976763411
46.35 0.495401383125 -1.66664639573
46.4 0.407606105375 -1.84989474243
46.45 0.309905931863 -2.06348707128
46.5 0.200693306167 -2.31087095937
46.55 0.0782251974262 -2.59374913389
46.6 -0.0592406705695 -2.90993479361
46.65 -0.213172321801 -3.24997093833
46.7 -0.384290110506 -3.59259414189
46.75 -0.571859903791 -3.90029920469
46.8 -0.772833491184 -4.1184557421
46.85 -0.981147737755 -4.18351060743
46.9 -1.18775108862 -4.04392109963
46.95 -1.3818952422 -3.68761333785
47.0 -1.55358795588 -3.15733392788
47.05 -1.69613513967 -2.53766108619
47.1 -1.80740693662 -1.92024689788
47.15 -1.8893377787 -1.37224472853
47.2 -1.94633002721 -0.92517492896
47.25 -1.98358984869 -0.581658891237
47.3 -2.00600115307 -0.328297919335
47.35 -2.0176086208 -0.146313654252
47.4 -2.02151883323 -0.017621023041
47.45 -2.02000787996 0.0727202253317
47.5 -2.01469463288 0.136087679922
47.55 -2.00670957467 0.180746745481
47.6 -1.99683348159 0.212535662493
47.65 -1.98560221746 0.235510764902
47.7 -1.97338228354 0.252464731056
47.75 -1.96042386317 0.265312117319
47.8 -1.9468974389 0.275364246565
47.85 -1.93291888246 0.283520666704
47.9 -1.91856654487 0.290400559417
47.95 -1.90389289221 0.296432317641
48.0 -1.88893242667 0.301914394315
48.05 -1.87370708461 0.307056599528
48.1 -1.85822992203 0.312008167086
48.15 -1.84250763409 0.316876872025
48.2 -1.82654228196 0.321742128364
48.25 -1.81033247112 0.326663973729
48.3 -1.79387415538 0.331689293185
48.35 -1.7771611798 0.336856161557
48.4 -1.76018563977 0.342196895881
48.45 -1.74293811221 0.34774025097
48.5 -1.72540779097 0.353513006145
48.55 -1.70758255501 0.359541161964
48.6 -1.6894489829 0.365850863171
48.65 -1.67099232645 0.372469151317
48.7 -1.65219644904 0.379424606003
48.75 -1.63304373501 0.386747938075
48.8 -1.61351496796 0.394472550863
48.85 -1.59358918174 0.402635117165
48.9 -1.57324348233 0.411276194475
48.95 -1.55245283696 0.420440897502
49.0 -1.53118982715 0.430179657887
49.05 -1.50942436245 0.440549091641
49.1 -1.48712334619 0.451613007934
49.15 -1.46425028727 0.463443589381
49.2 -1.44076484738 0.476122785487
49.25 -1.41662231315 0.489743962573
49.3 -1.39177297988 0.504413871249
49.35 -1.36616141563 0.520255039182
49.4 -1.33972561403 0.53740857343
49.45 -1.31239597847 0.556037617814
49.5 -1.2840941187 0.576331525785
49.55 -1.25473141779 0.598510932863
49.6 -1.22420731818 0.622833960796
49.65 -1.19240726424 0.649603824293
49.7 -1.15920022253 0.679178176066
49.75 -1.12443568025 0.711980637483
49.8 -1.08794000675 0.748515011938
49.85 -1.04951201555 0.789382880615
49.9 -1.0089175522 0.83530527722
49.95 -0.965882885288 0.887149352614
