0.0 -2.0 4.0
0.05 -1.82647579064 3.03264802229
0.1 -1.69021382167 2.46439447724
0.15 -1.57652776943 2.10958866848
0.2 -1.47716504299 1.88145707221
0.25 -1.38703073859 1.73502936946
0.3 -1.30272225162 1.64532645712
0.35 -1.22179673284 1.59789802669
0.4 -1.14237028062 1.58432033758
0.45 -1.0628799836 1.59990761722
0.5 -0.981930476228 1.64249863305
0.55 -0.898185739865 1.71180250048
0.6 -0.810285273164 1.80904749227
0.65 -0.716773422662 1.93678596938
0.7 -0.616036895392 2.09874367448
0.75 -0.506251256133 2.29958597049
0.8 -0.385345014007 2.54440708172
0.85 -0.251002533911 2.83761961412
0.9 -0.100747720377 3.18073116082
0.95 0.0678190541721 3.56831569203
1.0 0.256524426237 3.98161311629
1.05 0.465753706775 4.38034889055
1.1 0.693199463864 4.69664935926
1.15 0.932537833023 4.84015499696
1.2 1.17287571025 4.72502909194
1.25 1.40009203369 4.31604859205
1.3 1.60037356093 3.66322964266
1.35 1.76436358373 2.88773258084
1.4 1.88936586661 2.12383071491
1.45 1.97853008329 1.46491541085
1.5 2.03824278277 0.947713150528
1.55 2.07559054245 0.56724384366
1.6 2.09683972741 0.299038422241
1.65 2.10689275611 0.114879419512
1.7 2.10931646407 -0.00975097742559
1.75 2.10659422986 -0.0936060902613
1.8 2.10040988842 -0.150079704383
1.85 2.09188762679 -0.188371647567
1.9 2.08177162024 -0.214661536974
1.95 2.0705524064 -0.233049735808
2.0 2.05855276167 -0.24624082706
2.05 2.04598493466 -0.256015409679
2.1 2.03298839079 -0.263546778874
2.15 2.01965458 -0.269610233963
2.2 2.00604316376 -0.274720316668
2.25 1.99219265228 -0.279220485748
2.3 1.97812739089 -0.28334168268
2.35 1.96386216135 -0.287240639021
2.4 1.94940521964 -0.291024988914
2.45 1.93476030963 -0.294769811673
2.5 1.91992799874 -0.298528564898
2.55 1.90490656445 -0.30234034477
2.6 1.88969258379 -0.306234755196
2.65 1.87428131999 -0.310235174582
2.7 1.85866697513 -0.314360986244
2.75 1.84284284894 -0.318629107202
2.8 1.82680143356 -0.323055056118
2.85 1.81053446423 -0.32765372645
2.9 1.79403293507 -0.332439943236
2.95 1.77728709121 -0.337428894939
3.0 1.76028640161 -0.342636484082
3.05 1.74301951658 -0.348079628046
3.1 1.7254742094 -0.353776528886
3.15 1.70763730522 -0.35974693646
3.2 1.68949459761 -0.366012420206
3.25 1.67103075053 -0.372596655393
3.3 1.6522291847 -0.37952573396
3.35 1.6330719488 -0.386828514264
3.4 1.61353957201 -0.394537015963
3.45 1.59361089258 -0.402686876689
3.5 1.57326286689 -0.411317869309
3.55 1.5524703464 -0.420474515224
3.6 1.53120582337 -0.430206792756
3.65 1.50943913753 -0.440570970923
3.7 1.48713713669 -0.451630594385
3.75 1.46426329147 -0.463457623668
3.8 1.4407772274 -0.476133860323
3.85 1.41663420497 -0.48975254322
3.9 1.39178449521 -0.504420329252
3.95 1.36617265357 -0.520259648802
4.0 1.33973666257 -0.537411546708
4.05 1.31240691524 -0.556039115724
4.1 1.28410501376 -0.576331664022
4.15 1.25474233621 -0.598509789113
4.2 1.22421832375 -0.622831571644
4.25 1.19241842276 -0.649600178559
4.3 1.15921159773 -0.679173248067
4.35 1.12444733664 -0.711974371524
4.4 1.08795201133 -0.748507321755
4.45 1.04952444049 -0.789373640542
4.5 1.00893048 -0.835294309211
4.55 0.965896406623 -0.887136436034
4.6 0.92010082235 -0.945945883769
4.65 0.871164760685 -1.01298671896
4.7 0.818639637705 -1.08978800199
4.75 0.761992686444 -1.17819746548
4.8 0.700589582881 -1.28043968463
4.85 0.633674167502 -1.3991710401
4.9 0.560345819856 -1.53751768518
4.95 0.479535942147 -1.69906404885
5.0 0.38998737576 -1.88773502117
5.05 0.290244411345 -2.10746740786
5.1 0.178667961033 -2.36149602241
5.15 0.053501396527 -2.65098832908
5.2 -0.0869719939343 -2.97268565006
5.25 -0.244122458866 -3.31527623487
5.3 -0.418456942219 -3.6547289336
5.35 -0.608871899153 -3.95018392616
5.4 -0.811791139904 -4.14433040677
5.45 -1.02055307899 -4.17391041761
5.5 -1.22564482588 -3.9927818884
5.55 -1.4162504576 -3.59876485852
5.6 -1.58282743118 -3.04440737476
5.65 -1.71950029616 -2.41855782284
5.7 -1.8249914565 -1.81015854897
5.75 -1.90183788934 -1.27981658553
5.8 -1.95470914129 -0.852737213281
5.85 -1.98881680271 -0.527528849767
5.9 -2.00891018679 -0.289100187738
5.95 -2.01885581657 -0.118470825922
6.0 -2.0215920005 0.00195674677842
6.05 -2.01925715008 0.0864440976574
6.1 -2.0133658725 0.145734459979
6.15 -2.00497314579 0.187582079894
6.2 -1.99480651968 0.217443163597
6.25 -1.98336491398 0.239100319652
6.3 -1.97098941631 0.255154878464
6.35 -1.9579127846 0.267389495114
6.4 -1.94429357032 0.27702531755
6.45 -1.93023945498 0.284900447148
6.5 -1.91582315049 0.291592257154
6.55 -1.90109321958 0.29750068134
6.6 -1.88608144282 0.302904769786
6.65 -1.87080784132 0.308001080182
6.7 -1.85528410711 0.312929781054
6.75 -1.83951594931 0.317792447801
6.8 -1.8235047002 0.322664249391
6.85 -1.80724841296 0.327602334012
6.9 -1.79074260857 0.332651638227
6.95 -1.77398077941 0.337848949365
7.0 -1.75695472028 0.343225767962
7.05 -1.73965473888 0.348810366203
7.1 -1.72206977791 0.354629295778
7.15 -1.70418747127 0.360708519477
7.2 -1.68599415065 0.367074298629
7.25 -1.66747481137 0.373753915315
7.3 -1.64861304654 0.38077631062
7.35 -1.62939094848 0.388172658655
7.4 -1.60978898294 0.395976933365
7.45 -1.58978583467 0.404226492783
7.5 -1.56935822211 0.412962701588
7.55 -1.54848068366 0.422231615286
7.6 -1.52712532118 0.432084758602
7.65 -1.505261504 0.44258002302
7.7 -1.48285552623 0.453782702517
7.75 -1.4598702074 0.46576670983
7.8 -1.43626442849 0.478616007934
7.85 -1.4119925887 0.492426314282
7.9 -1.38700395782 0.507307181139
7.95 -1.36124193578 0.523384393194
8.0 -1.33464316785 0.540802931193
8.05 -1.30713649712 0.559730541276
8.1 -1.27864172364 0.58036204899
8.15 -1.24906812145 0.602924642349
8.2 -1.21831266012 0.627684324554
8.25 -1.18625788176 0.654953795893
8.3 -1.15276932662 0.685102194874
8.35 -1.11769242229 0.718567085076
8.4 -1.0808487109 0.755869240218
8.45 -1.04203123318 0.797630977971
8.5 -1.00099892203 0.844598665402
8.55 -0.957469721641 0.897670483018
8.6 -0.911112186068 0.957930250078
8.65 -0.861535195032 1.02668828421
8.7 -0.80827546282 1.10552954
8.75 -0.750782492148 1.19636832392
8.8 -0.688400551727 1.30150687181
8.85 -0.620348024274 1.42368828552
8.9 -0.545694340806 1.566128332
8.95 -0.463336692171 1.73248939781
9.0 -0.371980685758 1.92673254366
9.05 -0.270133717366 2.15273222884
9.1 -0.156127349717 2.41346267181
9.15 -0.0281967846736 2.70947221263
9.2 0.115338339438 3.03629913722
9.25 0.275732036809 3.38060419866
9.3 0.45325065915 3.71542699711
9.35 0.64638899691 3.99654428882
9.4 0.85101849348 4.16432471353
9.45 1.05988500292 4.15665202055
9.5 1.26306957265 3.93381376126
9.55 1.44978425057 3.50396780053
9.6 1.61102631196 2.92878227405
9.65 1.74177393799 2.30000492792
9.7 1.84157225153 1.70281011579
9.75 1.91349852157 1.19102047145
9.8 1.96243177627 0.783869570267
9.85 1.99355338011 0.476427560234
9.9 2.01146356054 0.252260565399
9.95 2.01984941153 0.0923694039878
10.0 2.02148566847 -0.0202903030548
10.05 2.01837931543 -0.099297030439
10.1 2.01194644971 -0.154779095616
10.15 2.00317115726 -0.194004137975
10.2 1.99273119035 -0.222068221035
10.25 1.98109098614 -0.24249738656
10.3 1.96856791656 -0.257714163534
10.35 1.9553785007 -0.269378242045
10.4 1.9416701605 -0.278626740948
10.45 1.92754293995 -0.28624055784
10.5 1.91306428645 -0.292758141055
10.55 1.89827911259 -0.298552910849
10.6 1.8832166513 -0.303885843953
10.65 1.86789512706 -0.308941150269
10.7 1.85232494894 -0.313850549265
10.75 1.83651089459 -0.318709832679
10.8 1.82045360525 -0.323590214509
10.85 1.80415060773 -0.328546157378
10.9 1.78759700739 -0.333620790288
10.95 1.77078595473 -0.338849710635
11.0 1.75370895092 -0.344263673012
11.05 1.73635603867 -0.349890522019
11.1 1.71871591105 -0.3557566211
11.15 1.70077595674 -0.361887926716
11.2 1.68252225887 -0.368310841162
11.25 1.66393955429 -0.375052915242
11.3 1.64501116067 -0.382143467753
11.35 1.62571887276 -0.389614154949
11.4 1.6060428334 -0.397499546368
11.45 1.58596137205 -0.405837707585
11.5 1.56545081375 -0.414670831941
11.55 1.54448525632 -0.424045946354
11.6 1.52303630868 -0.434015708513
11.65 1.50107278632 -0.444639325184
11.7 1.47856036118 -0.455983613859
11.75 1.45546114845 -0.468124263465
11.8 1.43173322499 -0.481147323545
11.85 1.40733007017 -0.495150965544
11.9 1.38219991401 -0.510247580129
11.95 1.35628494817 -0.52656635717
12.0 1.32952043124 -0.544256273688
12.05 1.30183359979 -0.563489835344
12.1 1.2731423863 -0.58446754818
12.15 1.24335389093 -0.607423379263
12.2 1.21236253069 -0.632631511661
12.25 1.18004784919 -0.660414492809
12.3 1.14627184497 -0.691153388831
12.35 1.11087574688 -0.725300247236
12.4 1.07367609195 -0.763393509796
12.45 1.03445995347 -0.806077015657
12.5 0.992979086857 -0.854123529336
12.55 0.948942806597 -0.908463487791
12.6 0.902009243955 -0.970220145997
12.65 0.851774687485 -1.04075175528
12.7 0.7977606292 -1.12170108212
12.75 0.739398126076 -1.21505131826
12.8 0.676009374271 -1.32318408667
12.85 0.606786421448 -1.44893058459
12.9 0.530767924636 -1.59559542374
12.95 0.446816144427 -1.7669139315
13.0 0.353599160816 -1.96687024542
13.05 0.249588197279 -2.1992481722
13.1 0.133088168157 -2.4667080084
13.15 0.00233237598134 -2.76908754054
13.2 -0.144311188987 -3.10058327256
13.25 -0.307960327803 -3.44565377112
13.3 -0.488612417426 -3.77426639509
13.35 -0.68432895438 -4.03888188627
13.4 -0.890409108644 -4.17800276689
13.45 -1.09902123724 -4.13157524633
13.5 -1.29990563607 -3.86729306654
13.55 -1.48240121483 -3.40388780807
13.6 -1.638127142 -2.81125978272
13.65 -1.76293611352 -2.18266574597
13.7 -1.85715607297 -1.59860080065
13.75 -1.92434009423 -1.10601631565
13.8 -1.96952219792 -0.718581662368
13.85 -1.99782233908 -0.428296111546
13.9 -2.01368049551 -0.217702412097
13.95 -2.02060489791 -0.0679389590039
14.0 -2.02121215251 0.0374358464415
14.05 -2.01738425169 0.111320688344
14.1 -2.0104444721 0.163251196689
14.15 -2.00131047446 0.200033361685
14.2 -1.99061350923 0.226424643434
14.25 -1.97878585999 0.245711069301
14.3 -1.96612283059 0.260148464232
14.35 -1.95282581205 0.271282000813
14.4 -1.93903186418 0.280170655532
14.45 -1.92483390995 0.28754211136
14.5 -1.91029448505 0.293898607991
14.55 -1.89545509498 0.29958891541
14.6 -1.88034258833 0.30485718643
14.65 -1.86497350499 0.309876133944
14.7 -1.84935704773 0.314769609976
14.75 -1.83349711575 0.31962802411
14.8 -1.81739369569 0.32451891547
14.85 -1.80104381142 0.329494244967
14.9 -1.78444216927 0.33459546919
14.95 -1.76758158901 0.339857093031
15.0 -1.75045328429 0.345309189213
15.05 -1.73304703709 0.35097922792
15.1 -1.71535129216 0.356893421212
15.15 -1.69735319306 0.363077750049
15.2 -1.67903857279 0.369558782976
15.25 -1.6603919068 0.376364359771
15.3 -1.64139623363 0.383524195451
15.35 -1.62203304748 0.391070454497
15.4 -1.60228216169 0.399038320482
15.45 -1.5821215425 0.407466587893
15.5 -1.56152711259 0.416398306754
15.55 -1.54047252108 0.425881503107
15.6 -1.51892887247 0.435970000932
15.65 -1.49686442085 0.446724346378
15.7 -1.47424419789 0.45821293614
15.75 -1.45102959331 0.470513300619
15.8 -1.42717786178 0.48371363311
15.85 -1.40264155155 0.497914593485
15.9 -1.3773678064 0.513231571756
15.95 -1.35129758778 0.529797219858
16.0 -1.32436472659 0.547764661341
16.05 -1.2964948078 0.567311317836
16.1 -1.26760384548 0.588643554521
16.15 -1.23759669162 0.612002396899
16.2 -1.20636513949 0.637670461836
16.25 -1.1737856378 0.665980515207
16.3 -1.13971652821 0.697325994421
16.35 -1.1039947015 0.732173978538
16.4 -1.06643152715 0.771081230713
16.45 -1.02680788619 0.814714009384
16.5 -0.984868112169 0.863872461178
16.55 -0.940312578226 0.919520533839
16.6 -0.892788616443 0.982822411013
16.65 -0.841879452325 1.05518608426
16.7 -0.787090770879 1.13831420084
16.75 -0.727834621097 1.23426064877
16.8 -0.663410277504 1.34548870316
16.85 -0.59298265764 1.4749183271
16.9 -0.515558791179 1.62594175267
16.95 -0.429965345619 1.80236119525
17.0 -0.334832736281 2.00816829313
17.05 -0.228597000117 2.24702435446
17.1 -0.109539650075 2.52121608494
17.15 0.024100734042 2.82977084452
17.2 0.173894451256 3.16539587343
17.25 0.340801462738 3.5101714422
17.3 0.524520567215 3.83087072756
17.35 0.72264911778 4.07674710027
17.4 0.929898896135 4.18498489956
17.45 1.13788473144 4.09857286631
17.5 1.33608041144 3.79350984562
17.55 1.51405181311 3.29912569423
17.6 1.66411294355 2.69249489101
17.65 1.78299882156 2.06701631203
17.7 1.87177233481 1.49775029269
17.75 1.93439757772 1.02482113712
17.8 1.97601312884 0.656781252629
17.85 2.00165066999 0.38300722317
17.9 2.01558164953 0.185304349678
17.95 2.02113737541 0.045079971024
18.0 2.02078218605 -0.0534688396102
18.05 2.01627945788 -0.122569703683
18.1 2.00886513075 -0.171189196748
18.15 1.99939468092 -0.205696387436
18.2 1.98845595212 -0.230530735088
18.25 1.97645127336 -0.248753943997
18.3 1.96365538315 -0.262466406174
18.35 1.95025559217 -0.273106716739
18.4 1.93637930988 -0.281661165016
18.45 1.92211282395 -0.288807953966
18.5 1.90751408892 -0.295015656558
18.55 1.89262142669 -0.300610105973
18.6 1.8774594551 -0.305819801361
18.65 1.86204313468 -0.310806758497
18.7 1.84638053313 -0.315687502047
18.75 1.83047472007 -0.320547430592
18.8 1.81432506065 -0.325450662021
18.85 1.79792809954 -0.330446841597
18.9 1.78127815904 -0.33557587804
18.95 1.76436773727 -0.340871266943
19.0 1.74718776754 -0.346362470639
19.05 1.72972777381 -0.352076628812
19.1 1.71197595382 -0.358039838558
19.15 1.69391920562 -0.364278134261
19.2 1.67554311048 -0.370818276052
19.25 1.65683187892 -0.377688409579
19.3 1.63776826775 -0.384918672158
19.35 1.61833346531 -0.392541755438
19.4 1.59850694923 -0.400593476118
19.45 1.57826631581 -0.409113380964
19.5 1.55758707753 -0.418145401904
19.55 1.53644242491 -0.427738593091
19.6 1.51480295091 -0.437947968479
19.65 1.49263632872 -0.448835473737
19.7 1.46990693775 -0.460471120955
19.75 1.44657542774 -0.472934325262
19.8 1.42259820925 -0.486315491642
19.85 1.39792686488 -0.500717882363
19.9 1.37250743707 -0.516259926851
19.95 1.34627961779 -0.533077884685
20.0 1.31917577207 -0.551329149765
20.05 1.29111978605 -0.571196225556
20.1 1.26202569421 -0.592891560859
20.15 1.2317960392 -0.616663451482
20.2 1.20031990609 -0.642803274317
20.25 1.16747055183 -0.671654378796
20.3 1.13310254328 -0.703623031737
20.35 1.09704828644 -0.739191922238
20.4 1.05911380816 -0.778936828192
20.45 1.01907358371 -0.823547295441
20.5 0.976664263643 -0.873851902375
20.55 0.931576952931 -0.930849424355
20.6 0.883447793698 -0.995746514296
20.65 0.831846477125 -1.07000269809
20.7 0.776262323744 -1.15538250164
20.75 0.71608761459 -1.25401285326
20.8 0.650598017776 -1.36844005553
20.85 0.578930433445 -1.5016737986
20.9 0.500059462172 -1.65719180962
20.95 0.412775580737 -1.83885572474
21.0 0.31567154803 -2.0506468339
21.05 0.207149556478 -2.2960674757
21.1 0.0854715474123 -2.5769647274
21.15 -0.0511104673456 -2.89144689033
21.2 -0.204090294996 -3.23057628562
21.25 -0.374246773949 -3.57388040241
21.3 -0.560949497103 -3.88484341922
21.35 -0.76130217781 -4.10968918681
21.4 -0.969419761534 -4.18492742839
21.45 -1.17639714598 -4.05760950507
21.5 -1.37152384899 -3.7128294618
21.55 -1.54469203671 -3.19031740313
21.6 -1.68897266929 -2.57312396605
21.65 -1.80197815531 -1.9534851932
21.7 -1.88545206985 -1.40043376852
21.75 -1.9437057202 -0.947424724311
21.8 -1.98193613325 -0.59836555033
21.85 -2.00506397389 -0.340433205098
21.9 -2.0171864149 -0.154949003809
21.95 -2.02146091379 -0.0236979100623
22.0 -2.02020571492 0.0684601950938
22.05 -2.01507185163 0.133095098574
22.1 -2.00721318812 0.178628965363
22.15 -1.9974270281 0.211018027856
22.2 -1.98626072761 0.234403517553
22.25 -1.97408870712 0.251637630155
22.3 -1.96116656165 0.264675907037
22.35 -1.94766849387 0.274857790075
22.4 -1.93371292262 0.283101966863
22.45 -1.91937995089 0.290040631864
22.5 -1.90472325854 0.296111048285
22.55 -1.88977819297 0.301617713421
22.6 -1.8745672844 0.306774563961
22.65 -1.85910401022 0.311733648287
22.7 -1.84339537153 0.316604681777
22.75 -1.82744365345 0.321468396241
22.8 -1.8112476313 0.326385732111
22.85 -1.79480339069 0.331404179426
22.9 -1.77810488385 0.336562214699
22.95 -1.76114429779 0.34189241763
23.0 -1.74391228981 0.347423694003
23.05 -1.72639812915 0.353182900281
23.1 -1.70858976751 0.359196053658
23.15 -1.69047385665 0.365489268867
23.2 -1.67203572419 0.372089519492
23.25 -1.65325931392 0.379025285114
23.3 -1.63412709563 0.386327140322
23.35 -1.6146199462 0.394028322004
23.4 -1.59471700209 0.402165305009
23.45 -1.5743954817 0.410778416034
23.5 -1.55363047657 0.419912492112
23.55 -1.53239471025 0.429617643364
23.6 -1.51065824666 0.439950124346
23.65 -1.48838817997 0.450973279479
23.7 -1.46554821286 0.462758817704
23.75 -1.44209823572 0.475388094495
23.8 -1.41799379575 0.488953785005
23.85 -1.39318548269 0.503561843158
23.9 -1.3676182098 0.519333829948
23.95 -1.34123037175 0.536409702151
24.0 -1.31395281992 0.55495130173
24.05 -1.28570769364 0.57514637463
24.1 -1.25640699122 0.597213653009
24.15 -1.22595087554 0.62140897093
24.2 -1.19422563678 0.648032784594
24.25 -1.16110124483 0.67743939339
24.3 -1.12642836129 0.710048403591
24.35 -1.0900347606 0.746358691287
24.4 -1.05172093351 0.786965821932
24.45 -1.01125473671 0.832583478464
24.5 -0.968364854562 0.884069824065
24.55 -0.922732802043 0.942459747575
24.6 -0.873983110205 1.00900403114
24.65 -0.821671441563 1.0852155968
24.7 -0.765270150051 1.17292293083
24.75 -0.70415107594 1.27432792028
24.8 -0.637565459398 1.39206172955
24.85 -0.564621355392 1.52922391631
24.9 -0.484260128218 1.68937508986
24.95 -0.395235547625 1.87642724325
25.0 -0.296102905878 2.09433068834
25.05 -0.185232237502 2.34638782613
25.1 -0.0608703931153 2.63393286716
25.15 0.0787079416113 2.95403705091
25.2 0.234903781774 3.29595488928
25.25 0.408289914676 3.63649078047
25.3 0.597875360733 3.93577981328
25.35 0.800242700252 4.13727015006
25.4 1.00890704859 4.17753259672
25.45 1.21448661595 4.00872020057
25.5 1.40617576122 3.62567338883
25.55 1.57428932226 3.07810349995
25.6 1.71270557947 2.45373730237
25.65 1.81989758013 1.84243443497
25.7 1.8982305359 1.30676874138
25.75 1.95230113444 0.873779723443
25.8 1.98732326521 0.543212619001
25.85 2.00808768454 0.300438728859
25.9 2.01851378951 0.126517136521
25.95 2.02158917803 0.00369866846146
26.0 2.01949231951 -0.082479676115
26.05 2.01376804217 -0.142946768658
26.1 2.00549315788 -0.185605426688
26.15 1.99541058794 -0.216022498122
26.2 1.98402991184 -0.238059693734
26.25 1.97169954952 -0.254373579098
26.3 1.95865728388 -0.266784852153
26.35 1.94506510798 -0.276540664252
26.4 1.93103306578 -0.284496829733
26.45 1.91663549621 -0.2912427732
26.5 1.90192208893 -0.297186634056
26.55 1.88692541066 -0.302613057118
26.6 1.87166603603 -0.307722421394
26.65 1.85615605148 -0.312657508013
26.7 1.84040145229 -0.317521684454
26.75 1.82440378187 -0.322391341857
26.8 1.80816125383 -0.327324460095
26.85 1.79166951543 -0.33236653802
26.9 1.77492216207 -0.337554732994
26.95 1.75791107644 -0.342920777477
27.0 1.74062664572 -0.34849308303
27.05 1.72305788659 -0.354298264094
27.1 1.70519250539 -0.36036229127
27.15 1.68701690688 -0.366711388049
27.2 1.66851616288 -0.373372766136
27.25 1.64967394593 -0.380375253601
27.3 1.63047243541 -0.387749886483
27.35 1.61089219197 -0.395530469381
27.4 1.59091200433 -0.40375415423
27.45 1.57050870723 -0.412462063365
27.5 1.54965696389 -0.421699976684
27.55 1.52832901982 -0.43151908918
27.6 1.5064944043 -0.441976914587
27.65 1.4841195947 -0.453138299751
27.7 1.46116762119 -0.465076625301
27.75 1.43759759447 -0.477875268575
27.8 1.41336417346 -0.491629258425
27.85 1.38841693561 -0.506447294717
27.9 1.36269963064 -0.522454188078
27.95 1.33614930599 -0.539793765436
28.0 1.30869527724 -0.558632371303
28.05 1.28025787729 -0.579163227858
28.1 1.25074701043 -0.601611552662
28.15 1.22006038685 -0.626240986475
28.2 1.18808141539 -0.653361392475
28.25 1.15467666252 -0.683338461703
28.3 1.11969277175 -0.716605579431
28.35 1.08295272365 -0.753678453475
28.4 1.04425128739 -0.795173182718
28.45 1.00334946515 -0.841828541689
28.5 0.959967695968 -0.894533401038
28.55 0.91377753293 -0.954360246769
28.6 0.864391491973 -1.02260555787
28.65 0.811350689581 -1.10083757444
28.7 0.754109903989 -1.19095080243
28.75 0.692019824737 -1.29522414383
28.8 0.624306444858 -1.4163751741
28.85 0.55004811618 -1.55759314872
28.9 0.468152208987 -1.72251788405
28.95 0.377335353479 -1.91510113694
29.0 0.276115783182 -2.13923842917
29.05 0.162833467075 -2.39798624455
29.1 0.0357253999331 -2.69208488791
29.15 -0.10690068898 -3.01744175976
29.2 -0.266335154463 -3.36133440945
29.25 -0.442918250435 -3.69768279841
29.3 -0.635266665536 -3.98325432917
29.35 -0.839417171155 -4.15905969515
29.4 -1.04828943477 -4.16255315292
29.45 -1.25207801749 -3.95201968844
29.5 -1.43997654866 -3.53253103237
29.55 -1.60281398903 -2.96314643487
29.6 -1.73531370971 -2.33490264541
29.65 -1.83678169441 -1.73418818575
29.7 -1.91014238836 -1.21684390901
29.75 -1.96021879864 -0.803826138172
29.8 -1.9922046507 -0.491200390134
29.85 -2.01074548566 -0.262894473597
29.9 -2.01958137651 -0.0998973194352
29.95 -2.0215348032 0.0150044782151
30.0 -2.01865088773 0.0955910752021
30.05 -2.01237420855 0.152170082509
30.1 -2.00370930782 0.192150190705
30.15 -1.99334828962 0.220731520864
30.2 -1.98176551789 0.241514104954
30.25 -1.96928519989 0.256971977677
30.3 -1.95612852532 0.268800217261
30.35 -1.94244612079 0.278160133151
30.4 -1.92834022813 0.285849074807
30.45 -1.91387981107 0.2924166895
30.5 -1.89911083496 0.298244033649
30.55 -1.8840632673 0.303597286064
30.6 -1.86875585009 0.30866420422
30.65 -1.85319936352 0.313578943516
30.7 -1.83739885441 0.318438958641
30.75 -1.8213551646 0.323316605294
30.8 -1.80506597359 0.328267118379
30.85 -1.78852650713 0.333334142412
30.9 -1.77173001587 0.33855361804
30.95 -1.75466808683 0.343956511791
31.0 -1.73733084081 0.349570791158
31.05 -1.71970704418 0.35542287024
31.1 -1.70178415815 0.361538704932
31.15 -1.68354833915 0.367944651845
31.2 -1.66498440087 0.374668181516
31.25 -1.64607574249 0.381738497424
31.3 -1.62680424768 0.389187113315
31.35 -1.60715015486 0.397048419859
31.4 -1.58709189847 0.405360272841
31.45 -1.56660592064 0.414164617545
31.5 -1.54566644608 0.423508197942
31.55 -1.52424523494 0.433443321233
31.6 -1.50231126661 0.444028806597
31.65 -1.4798304053 0.455331003778
31.7 -1.45676496744 0.467425100146
31.75 -1.433073272 0.480396505591
31.8 -1.40870907046 0.494342666214
31.85 -1.38362089974 0.509375131826
31.9 -1.35775131585 0.525622060338
31.95 -1.33103599488 0.543231228857
32.0 -1.30340264689 0.562373741532
32.05 -1.27476976198 0.583248399989
32.1 -1.24504508439 0.606087161873
32.15 -1.21412379708 0.631161747154
32.2 -1.18188634024 0.658791754288
32.25 -1.14819577009 0.6893546864
32.3 -1.11289456768 0.723298262721
32.35 -1.07580076222 0.761155651732
32.4 -1.03670320674 0.803564263892
32.45 -0.995355806547 0.851288944199
32.5 -0.951470455431 0.905250479708
32.55 -0.904708403858 0.96656031971
32.6 -0.854669699837 1.03656240323
32.65 -0.800880376676 1.11688225692
32.7 -0.742777006978 1.20948249803
32.75 -0.679688384853 1.31672103523
32.8 -0.610814432306 1.44140306343
32.85 -0.53520296479 1.58680701774
32.9 -0.451726626337 1.75664728472
32.95 -0.359064594299 1.9549027157
33.0 -0.255698680521 2.18538700092
33.05 -0.139941354457 2.45085900607
33.1 -0.0100257734758 2.75137627479
33.15 0.135695669284 3.0815463158
33.2 0.29838316491 3.42649608987
33.25 0.478116506323 3.75711351293
33.3 0.673088345569 4.02682975311
33.35 0.878768575404 4.17464540838
33.4 1.08749394449 4.13979833754
33.45 1.28909799329 3.8876985362
33.5 1.47287179316 3.43394411061
33.55 1.63024290654 2.84610828512
33.6 1.75680449063 2.21714644868
33.65 1.85265807024 1.62902072609
33.7 1.92122302946 1.13071168218
33.75 1.96749306977 0.737486056812
33.8 1.99660925536 0.442202001174
33.85 2.01305985194 0.227673121828
33.9 2.02040574567 0.0749824283001
33.95 2.02130962286 -0.0324938934848
34.0 2.01768970571 -0.107854531862
34.05 2.01089608869 -0.160807647631
34.1 2.0018655853 -0.198292896023
34.15 1.99124284211 -0.225165511104
34.2 1.9794694064 -0.244780731074
34.25 1.96684693197 -0.259442366469
34.3 1.95358115831 -0.270728515204
34.35 1.93981213001 -0.279720650138
34.4 1.92563481798 -0.28716174821
34.45 1.91111317471 -0.29356448086
34.5 1.89628968662 -0.29928470541
34.55 1.88119188949 -0.304571414094
34.6 1.86583680943 -0.309600629337
34.65 1.85023399751 -0.314498466747
34.7 1.83438760692 -0.319356883894
34.75 1.81829781422 -0.324244479529
34.8 1.80196178907 -0.329213932386
34.85 1.78537435401 -0.334307179637
34.9 1.76852842522 -0.339559037851
34.95 1.75141530095 -0.344999777019
35.0 1.73402483942 -0.35065697054
35.05 1.71634555865 -0.356556871921
35.1 1.69836467459 -0.362725451828
35.15 1.68006809423 -0.369189227156
35.2 1.66144037045 -0.375975949578
35.25 1.64246462487 -0.383115217448
35.3 1.62312244034 -0.390639040717
35.35 1.60339372826 -0.398582419694
35.4 1.58325656288 -0.406983931813
35.45 1.56268698654 -0.415886371949
35.5 1.54165878164 -0.425337467893
35.55 1.52014320429 -0.435390692223
35.6 1.49810867417 -0.446106197551
35.65 1.47552041427 -0.457551906935
35.7 1.45234003063 -0.469804799277
35.75 1.42852502262 -0.482952428311
35.8 1.40402821055 -0.497094729768
35.85 1.37879706412 -0.512346183024
35.9 1.3527729126 -0.528838406705
35.95 1.32589001826 -0.54672327011
36.0 1.2980744524 -0.566176750241
36.05 1.26924280064 -0.587403459893
36.1 1.23930058421 -0.610642317931
36.15 1.20814038109 -0.636173415047
36.2 1.17563956531 -0.664326455486
36.25 1.1416575724 -0.695491173791
36.3 1.10603258538 -0.730130164057
36.35 1.0685775143 -0.768794719108
36.4 1.02907508906 -0.812144394668
36.45 0.987271865597 -0.860971125719
36.5 0.942870888118 -0.916228840913
36.55 0.895522721535 -0.979069468474
36.6 0.84481449305 -1.05088614584
36.65 0.790256608497 -1.13336365573
36.7 0.731266778526 -1.2285348352
36.75 0.667151158043 -1.33883853529
36.8 0.597082747652 -1.46716852752
36.85 0.520078000285 -1.61689132589
36.9 0.434974151472 -1.79179017202
36.95 0.340412744433 -1.99585614851
37.0 0.234840075379 -2.23279037871
37.05 0.116544198986 -2.50499634543
37.1 -0.0162386794811 -2.81175166398
37.15 -0.165098535767 -3.14621882966
37.2 -0.331044265857 -3.49119858716
37.25 -0.513865949601 -3.81441799691
37.3 -0.711301080386 -4.06606200789
37.35 -0.918236089706 -4.18364154142
37.4 -1.12644614279 -4.10914225615
37.45 -1.32547545983 -3.81602394996
37.5 -1.50481252079 -3.33049882703
37.55 -1.65655927298 -2.72764249937
37.6 -1.77719023966 -2.10095116832
37.65 -1.86755676158 -1.52715835458
37.7 -1.93150830897 -1.0483918732
37.75 -1.97415759058 -0.674666404854
37.8 -2.00056489412 -0.396087307416
37.85 -2.01505211438 -0.194649835116
37.9 -2.02100250903 -0.0516696643138
37.95 -2.0209247378 0.0488477006204
38.0 -2.01661652714 0.11932673061
38.05 -2.00933903923 0.168899454626
38.1 -1.99996567366 0.204061352141
38.15 -1.98909678245 0.229343676022
38.2 -1.97714332018 0.247872796698
38.25 -1.96438593867 0.261793807254
38.3 -1.95101600205 0.272575983411
38.35 -1.93716369709 0.281226526432
38.4 -1.92291722084 0.288437866411
38.45 -1.90833584751 0.294688263208
38.5 -1.89345881615 0.300310147318
38.55 -1.87831138818 0.30553652512
38.6 -1.86290897925 0.310532485891
38.65 -1.84725998558 0.315416666842
38.7 -1.83136771659 0.320275908081
38.75 -1.81523171756 0.325175311268
38.8 -1.79884867254 0.33016518951
38.85 -1.78221301503 0.335285890855
38.9 -1.76531733779 0.340571203924
38.95 -1.74815265596 0.346050763213
39.0 -1.73070856953 0.351751802469
39.05 -1.71297334896 0.357700448431
39.1 -1.69493396478 0.363922716768
39.15 -1.67657607268 0.370445307351
39.2 -1.65788396216 0.377296275584
39.25 -1.63884047339 0.384505630909
39.3 -1.6194268854 0.392105906746
39.35 -1.59962277557 0.400132730906
39.4 -1.57940584944 0.408625429578
39.45 -1.55875174079 0.417627668037
39.5 -1.53763377412 0.427188199643
39.55 -1.51602269628 0.437361678423
39.6 -1.49388635808 0.448209621815
39.65 -1.47118933297 0.459801568172
39.7 -1.4478924867 0.472216382121
39.75 -1.42395248301 0.485543796319
39.8 -1.39932118675 0.49988631623
39.85 -1.37394497341 0.515361442842
39.9 -1.34776391523 0.532104353971
39.95 -1.32071081339 0.550271180232
40.0 -1.29271005853 0.570042909289
40.05 -1.26367627478 0.591630172945
40.1 -1.2335126938 0.6152790946
40.15 -1.20210920796 0.641278435505
40.2 -1.1693400334 0.669968355274
40.25 -1.13506085784 0.701751313843
40.3 -1.09910542651 0.737105328223
40.35 -1.06128135687 0.776600507443
40.4 -1.02136504487 0.820919400577
40.45 -0.979095432112 0.870882102867
40.5 -0.934166398166 0.927476951859
40.55 -0.886217429694 0.991897907671
40.6 -0.834822260081 1.06558910602
40.65 -0.779475101946 1.1502966007
40.7 -0.719574123514 1.24812554803
40.75 -0.654402070759 1.3615974979
40.8 -0.583104196497 1.49369567091
40.85 -0.504664751392 1.64787282873
40.9 -0.417884953216 1.8279738888
40.95 -0.321368661639 2.03798524124
41.0 -0.213527903216 2.28146014922
41.05 -0.0926299537965 2.56038279437
41.1 0.0430780460054 2.87314450378
41.15 0.19511410442 3.21130976277
41.2 0.364313030935 3.55517746794
41.25 0.550144822783 3.86921057998
41.3 0.749861843465 4.10050406515
41.35 0.957755810312 4.18569456748
41.4 1.16507103769 4.07052670603
41.45 1.36114246248 3.73733559259
41.5 1.53575574251 3.22281503665
41.55 1.68175261479 2.60838334267
41.6 1.79648775514 1.98675075567
41.65 1.88150980279 1.42878114666
41.7 1.94103413494 0.969875389885
41.75 1.98024505225 0.615261900158
41.8 2.00409811562 0.352724547535
41.85 2.01674239143 0.163703019806
41.9 2.02138627005 0.029860815731
41.95 2.02039046023 -0.0641396969138
42.0 2.01543850858 -0.130060841396
42.05 2.00770797323 -0.176482895646
42.1 1.9980129259 -0.209481461145
42.15 1.9869123762 -0.2332837925
42.2 1.9747887739 -0.250802415158
42.25 1.96190323107 -0.264034603205
42.3 1.94843371997 -0.274348312502
42.35 1.93450124574 -0.282681668871
42.4 1.92018769286 -0.289680107461
42.45 1.90554797174 -0.29578989412
42.5 1.89061828653 -0.301321661649
42.55 1.87542176921 -0.306493534822
42.6 1.85997232577 -0.311460434969
42.65 1.8442772649 -0.31633403256
42.7 1.82833909877 -0.321196402812
42.75 1.81215677383 -0.326109400835
42.8 1.79572650862 -0.331121133023
42.85 1.77904236361 -0.336270489319
42.9 1.76209661664 -0.341590310902
42.95 1.74488000595 -0.347109661645
43.0 1.72738187563 -0.352855476983
43.05 1.70959024999 -0.358853794631
43.1 1.69149185351 -0.365130702433
43.15 1.67307208891 -0.37171310845
43.2 1.65431497917 -0.378629392241
43.25 1.63520307911 -0.385909996803
43.3 1.615717358 -0.393587995623
43.35 1.59583705345 -0.40169966917
43.4 1.5755394963 -0.410285107597
43.45 1.55479990084 -0.419388885615
43.5 1.5335911329 -0.429060789222
43.55 1.51188341506 -0.439356700831
43.6 1.4896440103 -0.450339561126
43.65 1.46683682197 -0.462080571656
43.7 1.44342196926 -0.474660498383
43.75 1.41935525581 -0.488171343874
43.8 1.39458756575 -0.502718263319
43.85 1.36906414954 -0.518421877715
43.9 1.34272378947 -0.535421041458
43.95 1.31549778635 -0.553876272693
44.0 1.2873088006 -0.573973749309
44.05 1.25806943756 -0.595930327501
44.1 1.22768056977 -0.619999589565
44.15 1.19602932247 -0.646479273281
44.2 1.16298664499 -0.675720413971
44.25 1.12840436623 -0.708138619959
44.3 1.09211164225 -0.744227933551
44.35 1.05391061368 -0.784578015345
44.4 1.01357111793 -0.829895312866
44.45 0.970824220235 -0.881029139032
44.5 0.925354300906 -0.93900358452
44.55 0.876789360684 -1.00505624139
44.6 0.824689252304 -1.08068408402
44.65 0.768531403144 -1.16769650273
44.7 0.707693758605 -1.26827304648
44.75 0.641434849024 -1.38501967199
44.8 0.568871333646 -1.5210093942
44.85 0.488954465784 -1.67977871877
44.9 0.400448898153 -1.86522578234
44.95 0.301920946659 -2.08131240272
45.0 0.191749933768 -2.33140455467
45.05 0.0681866650084 -2.61699576146
45.1 -0.0705019006094 -2.93547620512
45.15 -0.225745951607 -3.27665124808
45.2 -0.398181759848 -3.6181461299
45.25 -0.586928057009 -3.92108834211
45.3 -0.788723939432 -4.12971398405
45.35 -0.997261418563 -4.18049383559
45.4 -1.20329430321 -4.02396730764
45.45 -1.39603540714 -3.65204010384
45.5 -1.56566507019 -3.11153465133
45.55 -1.70581882757 -2.4889375741
45.6 -1.8147181525 -1.87492917923
45.65 -1.89455115162 -1.33402494647
45.7 -1.94983657788 -0.895126394426
45.75 -1.98578739701 -0.559156719115
45.8 -2.00723445341 -0.311980992268
45.85 -2.01814985923 -0.134714362698
45.9 -2.02157087827 -0.00946208995757
45.95 -2.01971656124 0.078439596438
46.0 -2.01416245012 0.140106756873
46.05 -2.00600758919 0.183592873526
46.1 -1.99601056845 0.214577305105
46.15 -1.9846918408 0.237002357739
46.2 -1.97240730698 0.253580924569
46.25 -1.95939987731 0.266172518545
46.3 -1.94583505757 0.276050834455
46.35 -1.93182530132 0.28408976624
46.4 -1.91744660719 0.290891041825
46.45 -1.90274981381 0.296871176127
46.5 -1.88776828895 0.302320523278
46.55 -1.87252317104 0.307443361733
46.6 -1.85702694832 0.312385141681
46.65 -1.84128590625 0.317251053766
46.7 -1.82530180308 0.322118738956
46.75 -1.80907301528 0.327047028385
46.8 -1.79259531755 0.332081992828
46.85 -1.77586240944 0.337261168922
46.9 -1.75886626258 0.342616531512
46.95 -1.74159734315 0.348176630383
47.0 -1.72404474224 0.353968147803
47.05 -1.70619623858 0.360017065101
47.1 -1.68803830975 0.366349570334
47.15 -1.66955610313 0.372992800746
47.2 -1.65073337253 0.37997548367
47.25 -1.63155238308 0.387328515169
47.3 -1.61199378905 0.395085529064
47.35 -1.59203648226 0.403283476224
47.4 -1.57165741206 0.41196323992
47.45 -1.55083137086 0.421170316717
47.5 -1.52953074525 0.430955582046
47.55 -1.50772522552 0.441376168605
47.6 -1.48538146797 0.452496486467
47.65 -1.46246270209 0.464389418096
47.7 -1.43892827248 0.4771377294
47.75 -1.41473310717 0.490835736769
47.8 -1.38982708142 0.505591338661
47.85 -1.36415429226 0.521528368169
47.9 -1.33765218646 0.53878950298
47.95 -1.31025053484 0.557539751606
48.0 -1.28187021306 0.577970685154
48.05 -1.25242174909 0.600305588431
48.1 -1.22180358565 0.624805765631
48.15 -1.18989999099 0.651778270144
48.2 -1.156578544 0.681585400458
48.25 -1.12168709325 0.714656397721
48.3 -1.08505004553 0.751501963175
48.35 -1.04646388253 0.792732033274
48.4 -1.00569165428 0.839077881386
48.45 -0.96245626186 0.891419198395
48.5 -0.916432235276 0.950817226369
48.55 -0.867235685289 1.0185547675
48.6 -0.81441207254 1.09618354092
48.65 -0.75742143321 1.18557833057
48.7 -0.695620778877 1.28899520952
48.75 -0.62824361635 1.40912596791
48.8 -0.554377163642 1.5491334957
48.85 -0.472938901613 1.71263469227
48.9 -0.382656465928 1.9035706859
48.95 -0.282058964473 2.12585596961
49.0 -0.169494997875 2.38262465076
49.05 -0.0432038904571 2.67480112716
49.1 0.0985175541932 2.99865023837
49.15 0.25699427809 3.34205064862
49.2 0.432638026967 3.67978990279
49.25 0.624184587633 3.96962841569
49.3 0.827834208233 4.15325603869
49.35 1.03668135303 4.1677756365
49.4 1.24103952257 3.96955689147
49.45 1.43009246667 3.56061238428
49.5 1.59450829356 2.99732083547
49.55 1.72875781438 2.36988618715
49.6 1.8319046551 1.76582718458
49.65 1.90671481551 1.24299148854
49.7 1.95795046139 0.824092479961
49.75 1.99081485432 0.506231916763
49.8 2.00999778722 0.273727915883
49.85 2.01929232235 0.10757179188
49.9 2.02156914158 -0.00961430475022
49.95 2.01891205069 -0.0918122041321
