0.0 0.0 2.5
0.05 0.145639080231 3.36419521226
0.1 0.340137703379 4.44674323774
0.15 0.591628064377 5.59716860243
0.2 0.893540793517 6.35901170102
0.25 1.21001376051 6.08879467244
0.3 1.48282952852 4.68047285758
0.35 1.67205068139 2.90811490201
0.4 1.78063186424 1.53076031168
0.45 1.83451947335 0.707046482422
0.5 1.85788736401 0.276956172373
0.55 1.86583082688 0.0662632169729
0.6 1.86631957155 -0.0343403906231
0.65 1.86326135972 -0.0821304813932
0.7 1.85851378621 -0.10502266663
0.75 1.85295011367 -0.116234443492
0.8 1.84698001802 -0.121963064047
0.85 1.84079601662 -0.125111234126
0.9 1.83448879879 -0.127042752203
0.95 1.82810110929 -0.128401676441
1.0 1.82165299007 -0.129494096641
1.05 1.81515365957 -0.130466558319
1.1 1.80860713498 -0.131389848883
1.15 1.80201490856 -0.132298559607
1.2 1.79537723069 -0.133209897859
1.25 1.78869372629 -0.134132659559
1.3 1.7819636947 -0.135071568202
1.35 1.7751862543 -0.136029363182
1.4 1.76836041353 -0.137007832147
1.45 1.76148510411 -0.138008305522
1.5 1.75455919721 -0.139031913958
1.55 1.7475815089 -0.140079707439
1.6 1.74055080408 -0.141152724677
1.65 1.73346579578 -0.142252026425
1.7 1.72632514211 -0.143378714949
1.75 1.71912744467 -0.14453394667
1.8 1.71187124663 -0.145718940525
1.85 1.70455502796 -0.146934986258
1.9 1.69717720174 -0.148183449725
1.95 1.68973611094 -0.149465777765
2.0 1.68223002485 -0.150783509467
2.05 1.6746571328 -0.152138283068
2.1 1.66701553956 -0.153531840309
2.15 1.65930325921 -0.15496603671
2.2 1.6515182113 -0.156442851572
2.25 1.64365821306 -0.157964400415
2.3 1.63572097216 -0.159532944354
2.35 1.62770407884 -0.161150903492
2.4 1.61960499807 -0.162820872235
2.45 1.6114210604 -0.164545635105
2.5 1.60314945204 -0.166328184178
2.55 1.59478720398 -0.168171738997
2.6 1.58633118033 -0.170079768517
2.65 1.57777807103 -0.172056014498
2.7 1.56912435966 -0.174104529421
2.75 1.56036632411 -0.176229685573
2.8 1.55150002158 -0.17843622155
2.85 1.54252125677 -0.180729294588
2.9 1.53342555855 -0.183114536302
2.95 1.5242081662 -0.185598057488
3.0 1.51486400216 -0.188186509615
3.05 1.50538764072 -0.190887205512
3.1 1.49577327323 -0.193708160507
3.15 1.48601466985 -0.196658165673
3.2 1.4761051395 -0.199746906962
3.25 1.46603748254 -0.202985078089
3.3 1.45580393674 -0.206384508269
3.35 1.44539611709 -0.209958314442
3.4 1.43480494699 -0.213721085428
3.45 1.42402057861 -0.217689092997
3.5 1.41303230331 -0.221880535733
3.55 1.4018284489 -0.226315828836
3.6 1.39039626453 -0.231017944144
3.65 1.378721769 -0.23601284024
3.7 1.36678960391 -0.24132991273
3.75 1.35458284236 -0.247002610025
3.8 1.34208276955 -0.253069127139
3.85 1.32926862724 -0.259573253206
3.9 1.31611730477 -0.266565435114
3.95 1.30260297396 -0.27410403668
4.0 1.28869665898 -0.282256924002
4.05 1.27436571578 -0.291103410705
4.1 1.2595732038 -0.300736691573
4.15 1.24427709995 -0.311266987468
4.2 1.22842937401 -0.322825375751
4.25 1.2119748171 -0.335568830203
4.3 1.19484959708 -0.349686658468
4.35 1.17697943005 -0.365408948901
4.4 1.1582772898 -0.383017589004
4.45 1.1386404695 -0.40286096987
4.5 1.11794676289 -0.425373857729
4.55 1.09604953797 -0.451104187049
4.6 1.07277118693 -0.480750226361
4.65 1.04789438898 -0.515212423639
4.7 1.02115027342 -0.555666952744
4.75 0.99220214179 -0.60367175326
4.8 0.960622753106 -0.66132182336
4.85 0.925862078341 -0.731480879762
4.9 0.887200667764 -0.818133613909
4.95 0.843680999747 -0.926930927094
5.0 0.794004307941 -1.06605058309
5.05 0.736372459938 -1.24757792373
5.1 0.668241126993 -1.48974506258
5.15 0.58592898265 -1.82055370886
5.2 0.483997489424 -2.28342946221
5.25 0.354292483272 -2.94494164859
5.3 0.184616500538 -3.9003096144
5.35 -0.0424179474525 -5.25361558069
5.4 -0.347398272534 -6.99041660831
5.45 -0.739794844863 -8.59203318535
5.5 -1.18164145701 -8.70508154574
5.55 -1.57025492526 -6.52374357975
5.6 -1.82171789128 -3.59935324405
5.65 -1.94659580231 -1.59308670424
5.7 -1.99813957704 -0.600353328519
5.75 -2.01598556173 -0.175651983047
5.8 -2.01982651006 -0.00392626996429
5.85 -2.01805647372 0.0643657190274
5.9 -2.01405515203 0.0916022276741
5.95 -2.00915813685 0.102670434974
6.0 -2.0038912996 0.107368397639
6.05 -1.99846209283 0.109548510203
6.1 -1.99295262314 0.110730579888
6.15 -1.98739544109 0.111517375239
6.2 -1.98180339202 0.112149448629
6.25 -1.97618143471 0.112723471841
6.3 -1.97053134777 0.113278615336
6.35 -1.96485361561 0.113830928863
6.4 -1.95914818858 0.114387106749
6.45 -1.95341479159 0.114950042658
6.5 -1.94765304922 0.115521068517
6.55 -1.94186253784 0.11610088785
6.6 -1.93604280614 0.116689942469
6.65 -1.93019338377 0.117288570218
6.7 -1.92431378431 0.11789707158
6.75 -1.91840350168 0.118515742277
6.8 -1.91246203065 0.119144863839
6.85 -1.906488811 0.119784761628
6.9 -1.90048334922 0.120435729948
6.95 -1.89444505144 0.121098109018
7.0 -1.88837334244 0.121772218793
7.05 -1.88226762727 0.122458422091
7.1 -1.8761272921 0.12315708433
7.15 -1.86995170435 0.123868587034
7.2 -1.86374021223 0.124593329543
7.25 -1.85749214329 0.125331727981
7.3 -1.85120680379 0.126084217027
7.35 -1.84488347809 0.126851250445
7.4 -1.83852142715 0.127633303371
7.45 -1.83211988773 0.128430872203
7.5 -1.82567807117 0.129244476156
7.55 -1.81919516231 0.130074659127
7.6 -1.81267031797 0.130921991001
7.65 -1.80610266573 0.131787069024
7.7 -1.79949130286 0.132670519602
7.75 -1.79283529445 0.13357300037
7.8 -1.78613367179 0.134495201811
7.85 -1.77938543094 0.135437849318
7.9 -1.77258953073 0.136401706189
7.95 -1.76574489078 0.137387575556
8.0 -1.75885038921 0.138396303126
8.05 -1.75190486122 0.139428779826
8.1 -1.74490709606 0.140485945947
8.15 -1.73785583465 0.141568793547
8.2 -1.73074976673 0.142678370227
8.25 -1.72358752864 0.143815783547
8.3 -1.71636769953 0.144982206006
8.35 -1.70908879813 0.146178878663
8.4 -1.70174927903 0.147407116431
8.45 -1.69434752976 0.148668314462
8.5 -1.68688186564 0.149963955138
8.55 -1.67935052552 0.151295613186
8.6 -1.67175166616 0.152664963809
8.65 -1.66408335948 0.154073790184
8.7 -1.65634358473 0.155523995717
8.75 -1.64853022306 0.157017610522
8.8 -1.64064105028 0.158556803152
8.85 -1.63267373006 0.160143893849
8.9 -1.62462580601 0.161781367866
8.95 -1.61649469303 0.163471890062
9.0 -1.6082776679 0.165218321662
9.05 -1.59997185908 0.167023738911
9.1 -1.59157423536 0.168891453733
9.15 -1.58308159359 0.170825036832
9.2 -1.57449054521 0.172828343406
9.25 -1.56579750815 0.174905538907
9.3 -1.5569986698 0.177061147936
9.35 -1.54808998835 0.17930006133
9.4 -1.53906717406 0.181627592253
9.45 -1.52992565272 0.184049537164
9.5 -1.52066054329 0.186572239937
9.55 -1.51126663513 0.189202607968
9.6 -1.50173836003 0.191948174895
9.65 -1.49206975446 0.194817246482
9.7 -1.48225441946 0.197818957255
9.75 -1.47228547526 0.200963357503
9.8 -1.46215551379 0.204261552865
9.85 -1.45185654292 0.207725847204
9.9 -1.44137992307 0.211369898329
9.95 -1.43071629356 0.215208906889
10.0 -1.41985548941 0.219259848199
10.05 -1.40878644817 0.223541728577
10.1 -1.39749710314 0.228075895646
10.15 -1.38597424667 0.232886414366
10.2 -1.37420339535 0.2380004795
10.25 -1.36216861651 0.243448963527
10.3 -1.34985232931 0.249267033369
10.35 -1.33723507357 0.255494903168
10.4 -1.32429523282 0.262178772733
10.45 -1.31100870471 0.269371938809
10.5 -1.29734851699 0.277136185269
10.55 -1.28328436251 0.285543488336
10.6 -1.26878204309 0.294678124308
10.65 -1.2538027741 0.304639400089
10.7 -1.23830236803 0.315544953535
10.75 -1.22223020548 0.32753509287
10.8 -1.20552798367 0.340778243386
10.85 -1.18812811765 0.355478168354
10.9 -1.16995176927 0.37188321814
10.95 -1.15090632566 0.390298645416
11.0 -1.1308821386 0.411103154993
11.05 -1.10974835402 0.43477097854
11.1 -1.08734740241 0.461902324591
11.15 -1.06348770866 0.493265444734
11.2 -1.0379338998 0.52985575832
11.25 -1.01039345938 0.572980279
11.3 -0.980498279625 0.62437999095
11.35 -0.947778757386 0.686410319496
11.4 -0.91162675128 0.762312388499
11.45 -0.871241672379 0.856628096152
11.5 -0.825550479759 0.975847689956
11.55 -0.773086546316 1.12943859256
11.6 -0.711802657282 1.33150427125
11.65 -0.638777286365 1.60347820249
11.7 -0.549748175126 1.97844830878
11.75 -0.438375987255 2.50768980543
11.8 -0.295135902369 3.26855336187
11.85 -0.105926044137 4.36502824657
11.9 0.148474497668 5.88176078943
11.95 0.487241754553 7.67404739398
12.0 0.906931273358 8.89699165147
12.05 1.34246094239 8.10694660385
12.1 1.6836945867 5.37091853133
12.15 1.88143423436 2.69385207285
12.2 1.9722293117 1.11902124424
12.25 2.00749938426 0.393052990004
12.3 2.01848263134 0.0912067313586
12.35 2.01956208195 -0.0296944887844
12.4 2.01669444448 -0.0777399841233
12.45 2.01225441019 -0.0969990138349
12.5 2.00717809353 -0.104926069197
12.55 2.00183421125 -0.108383551833
12.6 1.99636840123 -0.110072167193
12.65 1.99083836247 -0.111059366086
12.7 1.985266955 -0.111769478178
12.75 1.97966315224 -0.112372277536
12.8 1.9740303548 -0.112936192764
12.85 1.96836970887 -0.113489055191
12.9 1.96268143901 -0.114042333165
12.95 1.95696538671 -0.114600861015
13.0 1.95122122936 -0.115166771387
13.05 1.9454485693 -0.115741087041
13.1 1.93964697075 -0.116324383168
13.15 1.93381597448 -0.116917050422
13.2 1.92795510317 -0.117519408824
13.25 1.92206384537 -0.118131757912
13.3 1.91614171911 -0.118754377018
13.35 1.91018822297 -0.119387566666
13.4 1.9042027884 -0.120031654586
13.45 1.89818487069 -0.120686932903
13.5 1.89213390237 -0.121353739595
13.55 1.88604929835 -0.122032420196
13.6 1.8799304561 -0.122723329783
13.65 1.87377675486 -0.123426841986
13.7 1.86758755491 -0.12414334502
13.75 1.86136219638 -0.124873244483
13.8 1.85509999918 -0.125616963056
13.85 1.84880026135 -0.12637494306
13.9 1.84246225831 -0.127147646455
13.95 1.83608524193 -0.127935555825
14.0 1.82966843945 -0.128739176198
14.05 1.82321105228 -0.129559036148
14.1 1.8167122545 -0.130395689303
14.15 1.81017119211 -0.131249715685
14.2 1.80358698138 -0.132121723619
14.25 1.79695870736 -0.133012351158
14.3 1.79028542251 -0.133922267916
14.35 1.78356614498 -0.134852177674
14.4 1.77679985683 -0.135802820149
14.45 1.76998550186 -0.136774973407
14.5 1.76312198438 -0.137769456208
14.55 1.75620816652 -0.138787131562
14.6 1.74924286608 -0.139828908895
14.65 1.74222485403 -0.140895747312
14.7 1.73515285242 -0.141988659607
14.75 1.72802553103 -0.143108716372
14.8 1.7208415045 -0.144257049293
14.85 1.71359932922 -0.145434855586
14.9 1.70629750031 -0.146643404093
14.95 1.69893444735 -0.14788404053
15.0 1.69150853048 -0.149158192337
15.05 1.68401803603 -0.150467375101
15.1 1.67646117293 -0.151813200886
15.15 1.66883606654 -0.15319738652
15.2 1.66114075363 -0.154621760093
15.25 1.65337317509 -0.156088271619
15.3 1.64553117389 -0.157599000576
15.35 1.63761248465 -0.159156173379
15.4 1.62961472623 -0.160762172333
15.45 1.62153539403 -0.162419548597
15.5 1.61337185132 -0.164131039733
15.55 1.60512131948 -0.165899587002
15.6 1.59678086734 -0.167728354182
15.65 1.5883473997 -0.169620748951
15.7 1.57981765125 -0.171580444293
15.75 1.5711881527 -0.173611419862
15.8 1.56245523307 -0.175717965476
15.85 1.55361500538 -0.177904728607
15.9 1.54466333577 -0.180176764609
15.95 1.5355958184 -0.182539593201
16.0 1.52640776453 -0.184999202375
16.05 1.51709417502 -0.187562103299
16.1 1.50764970986 -0.190235453181
16.15 1.49806865437 -0.193027092924
16.2 1.488344882 -0.195945617995
16.25 1.47847181536 -0.199000493098
16.3 1.46844238021 -0.20220216217
16.35 1.4582489531 -0.2055621714
16.4 1.44788330287 -0.209093315749
16.45 1.43733652382 -0.212809817443
16.5 1.42659895876 -0.216727528334
16.55 1.41566011223 -0.220864164878
16.6 1.40450855107 -0.225239586862
16.65 1.39313179299 -0.229876124017
16.7 1.38151616069 -0.234798988182
16.75 1.36964663961 -0.240036705676
16.8 1.35750669378 -0.245621706036
16.85 1.34507805467 -0.251590985905
16.9 1.33234047503 -0.257986918883
16.95 1.3192714334 -0.264858266865
17.0 1.3058457826 -0.272261382233
17.05 1.29203533776 -0.280261714849
17.1 1.27780837831 -0.288935660291
17.15 1.26312904912 -0.298372859721
17.2 1.24795660941 -0.308679183956
17.25 1.23224455381 -0.319980339359
17.3 1.21593949443 -0.332426641109
17.35 1.19897979867 -0.346199028398
17.4 1.18129384926 -0.361517032072
17.45 1.1627978868 -0.378649054061
17.5 1.1433932347 -0.397926125091
17.55 1.12296271217 -0.419760392816
17.6 1.10136601282 -0.444669992897
17.65 1.07843357961 -0.473313451654
17.7 1.05395845678 -0.506537518999
17.75 1.0276852931 -0.545444742766
17.8 0.999295268581 -0.591490558119
17.85 0.968385137457 -0.646624906609
17.9 0.934437603939 -0.713502566736
17.95 0.896778674482 -0.795801479608
18.0 0.854515132596 -0.898713479842
18.05 0.806441059615 -1.02971519255
18.1 0.750895187732 -1.1998007843
18.15 0.68553918594 -1.42547722474
18.2 0.607007536179 -1.73200085101
18.25 0.51035123766 -2.15849798872
18.3 0.388168927433 -2.76530515461
18.35 0.229354345443 -3.64096748132
18.4 0.0177794879265 -4.89273688029
18.45 -0.266991049463 -6.55740204549
18.5 -0.639550505965 -8.28534033458
18.55 -1.07705394497 -8.89189882585
18.6 -1.48875976845 -7.19710216336
18.65 -1.77521916899 -4.24416532906
18.7 -1.92554981077 -1.96313205659
18.75 -1.9900485045 -0.768520777727
18.8 -2.0135028251 -0.245140047521
18.85 -2.01962109043 -0.0316971815458
18.9 -2.01875744218 0.0533344315874
18.95 -2.01511720289 0.087177912755
19.0 -2.01036643995 0.10084659794
19.05 -2.00516123575 0.106570441946
19.1 -1.99976023041 0.109156669864
19.15 -1.99426571365 0.110499811872
19.2 -1.98871823497 0.111350230239
19.25 -1.98313382954 0.112006920435
19.3 -1.97751873665 0.112589829004
19.35 -1.97187525339 0.113147457209
19.4 -1.96620407621 0.113699615586
19.45 -1.96050524366 0.114254524325
19.5 -1.95477851849 0.114815698035
19.55 -1.94902354269 0.115384724697
19.6 -1.9432399014 0.115962410138
19.65 -1.9374271489 0.116549238934
19.7 -1.93158481891 0.117145566212
19.75 -1.92571242865 0.117751696736
19.8 -1.91980948023 0.118367924991
19.85 -1.91387544285 0.118994549422
19.9 -1.90790981505 0.119631856383
19.95 -1.90191206831 0.120280160801
20.0 -1.895881617 0.120939803553
20.05 -1.8898178934 0.121611096219
20.1 -1.88372030661 0.122294395221
20.15 -1.87758824716 0.122990065973
20.2 -1.87142108708 0.123698484544
20.25 -1.86521817914 0.124420046821
20.3 -1.85897885598 0.1251551645
20.35 -1.85270242883 0.125904268012
20.4 -1.84638818751 0.126667806204
20.45 -1.84003539865 0.127446249126
20.5 -1.83364330473 0.128240088143
20.55 -1.8272111232 0.129049836887
20.6 -1.82073804531 0.129876033295
20.65 -1.81422323474 0.130719240857
20.7 -1.80766582622 0.131580050108
20.75 -1.80106492425 0.132459080401
20.8 -1.79441960167 0.133356981885
20.85 -1.78772889794 0.134274437054
20.9 -1.7809918176 0.135212162808
20.95 -1.7742073285 0.136170913226
21.0 -1.76737435977 0.137151481792
21.05 -1.76049179964 0.13815470378
21.1 -1.75355849374 0.139181458936
21.15 -1.74657324245 0.14023267566
21.2 -1.73953479842 0.141309333392
21.25 -1.73244186358 0.142412466395
21.3 -1.72529308741 0.143543167267
21.35 -1.71808706287 0.144702592891
21.4 -1.71082232343 0.145891967557
21.45 -1.70349733891 0.147112588442
21.5 -1.69611051346 0.148365830562
21.55 -1.68866017984 0.149653155319
21.6 -1.68114459555 0.150976114826
21.65 -1.67356193708 0.152336359979
21.7 -1.66591029765 0.153735646275
21.75 -1.65818767878 0.155175848422
21.8 -1.65039198524 0.156658965863
21.85 -1.64252101841 0.158187133178
21.9 -1.63457246924 0.159762633455
21.95 -1.62654391059 0.161387911534
22.0 -1.61843278872 0.163065588223
22.05 -1.61023641409 0.164798476542
22.1 -1.60195195133 0.166589599928
22.15 -1.59357640823 0.168442212391
22.2 -1.58510662363 0.170359820981
22.25 -1.57653925472 0.172346210134
22.3 -1.56787076851 0.174405464945
22.35 -1.55909740595 0.176542029647
22.4 -1.5502151804 0.178760702438
22.45 -1.54121986598 0.181066687969
22.5 -1.53210695805 0.183465663808
22.55 -1.52287164859 0.18596384096
22.6 -1.51350880857 0.188567993797
22.65 -1.50401295856 0.191285487659
22.7 -1.49437823159 0.194124442952
22.75 -1.48459833594 0.197093789691
22.8 -1.4746665101 0.200203351162
22.85 -1.46457547615 0.20346396842
22.9 -1.45431738697 0.20688764571
22.95 -1.44388376304 0.210487703535
23.0 -1.43326542091 0.214278959353
23.05 -1.42245239438 0.218277945808
23.1 -1.41143384284 0.222503162429
23.15 -1.40019795206 0.226975360426
23.2 -1.38873179464 0.231717934285
23.25 -1.37702120544 0.236757285561
23.3 -1.36505061253 0.242123362544
23.35 -1.3528028462 0.247850249757
23.4 -1.34025891455 0.253976888785
23.45 -1.32739774321 0.260547956741
23.5 -1.31419584929 0.2676149628
23.55 -1.30062698361 0.275237523291
23.6 -1.28666167683 0.283485023272
23.65 -1.27226670894 0.292438607327
23.7 -1.25740445727 0.302193724694
23.75 -1.24203209753 0.312863325454
23.8 -1.22610064565 0.324581872338
23.85 -1.20955374919 0.337510552943
23.9 -1.19232619118 0.351843985527
23.95 -1.17434201021 0.367818949746
24.0 -1.15551212907 0.385725864448
24.05 -1.13573128184 0.405924243493
24.1 -1.11487408997 0.428863246023
24.15 -1.09278991109 0.455109867218
24.2 -1.06929602316 0.485387849552
24.25 -1.04416850256 0.520632173363
24.3 -1.01712985147 0.562066448013
24.35 -0.98783192346 0.611314903662
24.4 -0.955832072261 0.670566620645
24.45 -0.920559180975 0.742821345063
24.5 -0.881264420773 0.832264136522
24.55 -0.836948546269 0.944846962815
24.6 -0.786252314196 1.08920909921
24.65 -0.727288086402 1.27815655501
24.7 -0.65737631335 1.5310632896
24.75 -0.572627757728 1.87774706227
24.8 -0.467281429822 2.36445525566
24.85 -0.332690051031 3.06173002782
24.9 -0.155957625081 4.06849057656
24.95 0.0810362117965 5.48397039371
25.0 0.398631100627 7.25229279004
25.05 0.802152151156 8.73811870913
25.1 1.24363646449 8.52122850977
25.15 1.61564617291 6.093503452
25.2 1.84629647829 3.23758899399
25.25 1.95734175246 1.39785403526
25.3 2.00214117766 0.513921272324
25.35 2.01711920579 0.140286580607
25.4 2.01980291878 -0.0101687869362
25.45 2.01757281155 -0.0699686387714
25.5 2.01338785949 -0.093857547051
25.55 2.00841606522 -0.103607890101
25.6 2.00311734345 -0.107785613686
25.65 1.99767321045 -0.109759658313
25.7 1.9921555373 -0.110860007582
25.75 1.98659281339 -0.111614592694
25.8 1.98099626265 -0.112234301567
25.85 1.97537019176 -0.112803974219
25.9 1.96971611508 -0.113358036508
25.95 1.96403440857 -0.113910621302
26.0 1.9583249773 -0.114467645756
26.05 1.95258752647 -0.115031684499
26.1 1.9468216717 -0.115603942155
26.15 1.94102698427 -0.116185066199
26.2 1.93520300993 -0.116775478018
26.25 1.92934927584 -0.117375508416
26.3 1.92346527623 -0.117985459809
26.35 1.91755052142 -0.118605614751
26.4 1.91160452672 -0.119236263739
26.45 1.90562672225 -0.119877739408
26.5 1.89961656719 -0.120530331155
26.55 1.89357349777 -0.12119436958
26.6 1.88749693317 -0.121870199897
26.65 1.88138627499 -0.122558172847
26.7 1.87524090687 -0.12325865853
26.75 1.86906019372 -0.123972041303
26.8 1.86284348047 -0.12469872268
26.85 1.85659009186 -0.125439121166
26.9 1.85029933137 -0.126193674257
26.95 1.84397047982 -0.126962839231
27.0 1.83760279471 -0.12774709364
27.05 1.83119550922 -0.128546937097
27.1 1.824747831 -0.129362892492
27.15 1.81825894083 -0.130195507249
27.2 1.81172799149 -0.131045354972
27.25 1.80515410636 -0.131913037221
27.3 1.79853637806 -0.132799184814
27.35 1.79187386688 -0.133704459681
27.4 1.7851655993 -0.13462955732
27.45 1.77841056609 -0.135575208742
27.5 1.77160772037 -0.136542182606
27.55 1.76475597609 -0.137531287618
27.6 1.75785420553 -0.138543376202
27.65 1.7509012372 -0.139579346466
27.7 1.74389585333 -0.140640145458
27.75 1.73683678795 -0.141726772749
27.8 1.72972272346 -0.142840284995
27.85 1.72255228793 -0.143981798909
27.9 1.7153240517 -0.145152495774
27.95 1.70803652494 -0.146353626826
28.0 1.7006881531 -0.147586519188
28.05 1.6932773132 -0.148852580226
28.1 1.68580230924 -0.150153304158
28.15 1.67826136926 -0.15149027916
28.2 1.67065263885 -0.152865196772
28.25 1.66297417632 -0.154279857745
28.3 1.65522394571 -0.155736182356
28.35 1.64739981482 -0.157236216784
28.4 1.63949954385 -0.158782153103
28.45 1.63152077969 -0.160376335506
28.5 1.6234610478 -0.16202127348
28.55 1.61531774366 -0.16371965889
28.6 1.60708812328 -0.16547438304
28.65 1.59876929273 -0.167288555032
28.7 1.59035819675 -0.16916552267
28.75 1.58185161412 -0.171108890051
28.8 1.57324612179 -0.173122567633
28.85 1.56453809814 -0.175210766071
28.9 1.55572371245 -0.17737804075
28.95 1.54679889021 -0.179629348854
29.0 1.53775928962 -0.181970100068
29.05 1.5286002927 -0.184406165774
29.1 1.51931697702 -0.186943918629
29.15 1.5099040862 -0.189590363364
29.2 1.50035599764 -0.1923531717
29.25 1.49066668583 -0.195240749989
29.3 1.48082968436 -0.198262347064
29.35 1.47083804152 -0.201428164255
29.4 1.46068426948 -0.204749473043
29.45 1.4503602873 -0.208238755775
29.5 1.43985735553 -0.211909880167
29.55 1.42916600274 -0.215778291544
29.6 1.41827594099 -0.219861240066
29.65 1.40717596943 -0.224178049258
29.7 1.39585386779 -0.228750425394
29.75 1.3842962534 -0.233602863321
29.8 1.37248844545 -0.238763050464
29.85 1.36041428697 -0.244262435161
29.9 1.34805594177 -0.250136861767
29.95 1.33539365664 -0.256427345462
30.0 1.32240548069 -0.263181027856
30.05 1.3090669233 -0.270452339145
30.1 1.29535056388 -0.278304411282
30.15 1.28122557078 -0.286810854438
30.2 1.26665713164 -0.296057925044
30.25 1.25160574057 -0.306147339215
30.3 1.23602635188 -0.317199709449
30.35 1.21986732431 -0.329359020355
30.4 1.20306912628 -0.342798292713
30.45 1.18556268671 -0.357727073248
30.5 1.16726735439 -0.374401062775
30.55 1.14808828653 -0.393134943335
30.6 1.12791306701 -0.414319644271
30.65 1.10660737276 -0.438445420026
30.7 1.08400924046 -0.466133733142
30.75 1.05992146587 -0.498181395636
30.8 1.03410137629 -0.535622730496
30.85 1.00624685981 -0.579818555596
30.9 0.975977014729 -0.632585444345
30.95 0.942804907235 -0.69638687714
31.0 0.906098517624 -0.774621293943
31.05 0.865023750712 -0.87206407171
31.1 0.818459615538 -0.995558959971
31.15 0.764869431063 -1.1551192489
31.2 0.702101469559 -1.36570618924
31.25 0.62707515969 -1.65011680928
31.3 0.535282521409 -2.04359848737
31.35 0.420003647179 -2.60070324862
31.4 0.271142081369 -3.40300571858
31.45 0.0738396557998 -4.55662213769
31.5 -0.191686018584 -6.1322672455
31.55 -0.543332767494 -7.91743927374
31.6 -0.971104542334 -8.93563339414
31.65 -1.39968647885 -7.79489042139
31.7 -1.72076698805 -4.93655606027
31.75 -1.89973347431 -2.39759957215
31.8 -1.97974723883 -0.973788856996
31.85 -2.01009998855 -0.331240084923
31.9 -2.01904711553 -0.0662674879966
31.95 -2.01931203478 0.0396043224733
32.0 -2.01612066287 0.0816911199189
32.05 -2.01155070303 0.0986043220122
32.1 -2.00642075665 0.105607149342
32.15 -2.00105334421 0.108699288744
32.2 -1.99557591862 0.110243058512
32.25 -1.99003898886 0.111172875667
32.3 -1.9844625555 0.111860516731
32.35 -1.97885444721 0.11245487487
32.4 -1.97321760317 0.113016036587
32.45 -1.96755298165 0.113568476179
32.5 -1.96186072957 0.114122302203
32.55 -1.95614065581 0.114681798958
32.6 -1.95039242303 0.115248869116
32.65 -1.94461562678 0.115824448022
32.7 -1.93880982715 0.116409070581
32.75 -1.93297456235 0.117003114533
32.8 -1.92710935327 0.117606890763
32.85 -1.9212137055 0.118220695337
32.9 -1.91528709758 0.118844824642
32.95 -1.90932901287 0.119479569916
33.0 -1.90333894724 0.120125230264
33.05 -1.89731631002 0.120782153861
33.1 -1.89126053856 0.121450649971
33.15 -1.88517104573 0.122131065261
33.2 -1.87904722668 0.122823765684
33.25 -1.87288845775 0.123529122519
33.3 -1.86669409645 0.124247527704
33.35 -1.86046348023 0.12497938891
33.4 -1.85419592556 0.125725132047
33.45 -1.84789072722 0.126485201592
33.5 -1.8415471576 0.127260062317
33.55 -1.83516446514 0.128050200428
33.6 -1.82874187317 0.128856124192
33.65 -1.82227857925 0.129678365666
33.7 -1.8157737537 0.130517482201
33.75 -1.80922653826 0.131374057752
33.8 -1.80263604486 0.13224870449
33.85 -1.79600135403 0.133142065097
33.9 -1.78932151323 0.134054814311
33.95 -1.78259553533 0.134987660714
34.0 -1.77582239714 0.135941349261
34.05 -1.76900103714 0.136916663941
34.1 -1.76213035346 0.137914429831
34.15 -1.75520920204 0.138935515798
34.2 -1.74823639422 0.139980838439
34.25 -1.74121069423 0.141051364798
34.3 -1.73413081633 0.142148115729
34.35 -1.72699542275 0.1432721694
34.4 -1.71980312011 0.144424667233
34.45 -1.71255245632 0.145606817095
34.5 -1.70524191661 0.146819898413
34.55 -1.69786992123 0.14806526674
34.6 -1.69043482018 0.149344362735
34.65 -1.68293488924 0.15065871639
34.7 -1.67536832473 0.152009954295
34.75 -1.66773323994 0.153399806148
34.8 -1.6600276586 0.154830117937
34.85 -1.65224950902 0.156302858663
34.9 -1.64439661771 0.157820129718
34.95 -1.63646670252 0.159384177758
35.0 -1.62845736507 0.160997407997
35.05 -1.62036608248 0.162662398107
35.1 -1.61219019831 0.164381913918
35.15 -1.60392691301 0.166158926851
35.2 -1.59557327315 0.167996633466
35.25 -1.5871261589 0.169898478414
35.3 -1.57858227147 0.171868178369
35.35 -1.5699381227 0.173909745741
35.4 -1.56119001023 0.176027538008
35.45 -1.55233400533 0.178226258631
35.5 -1.54336593516 0.180511021762
35.55 -1.53428137006 0.182887377854
35.6 -1.52507557126 0.185361411953
35.65 -1.51574349112 0.187939762426
35.7 -1.50627973558 0.19062964157
35.75 -1.49667853263 0.193438983858
35.8 -1.48693369532 0.196376520056
35.85 -1.47703857783 0.199451853506
35.9 -1.46698603014 0.202675566709
35.95 -1.45676834546 0.206059375966
36.0 -1.44637719972 0.209616275965
36.05 -1.43580358324 0.213360710981
36.1 -1.4250377235 0.217308784925
36.15 -1.4140689967 0.22147850486
36.2 -1.40288583214 0.225890050811
36.25 -1.39147557606 0.230566166056
36.3 -1.37982437209 0.235532489144
36.35 -1.36791699832 0.240818077438
36.4 -1.35573668349 0.24645597361
36.45 -1.34326489011 0.252483893612
36.5 -1.33048106697 0.258945054998
36.55 -1.31736233082 0.26588925046
36.6 -1.3038831272 0.273374032202
36.65 -1.29001479812 0.281466293703
36.7 -1.27572506641 0.290244185773
36.75 -1.26097742152 0.299799497806
36.8 -1.24573035459 0.310240693513
36.85 -1.22993644182 0.321696712485
36.9 -1.21354120355 0.334321853217
36.95 -1.19648168347 0.34830208519
37.0 -1.17868466426 0.363863258105
37.05 -1.16006442852 0.381281840455
37.1 -1.14051987717 0.400899282022
37.15 -1.11993081791 0.423141248231
37.2 -1.09815315367 0.448543695827
37.25 -1.07501250358 0.477788910846
37.3 -1.05029570683 0.511755714553
37.35 -1.0237393257 0.551590585014
37.4 -0.99501384806 0.598810109139
37.45 -0.963701693041 0.655450664979
37.5 -0.929266025799 0.724291420755
37.55 -0.891005738076 0.809192807324
37.6 -0.847989296564 0.9156194564
37.65 -0.798955508541 1.05146428875
37.7 -0.742161714068 1.22836874601
37.75 -0.675147193343 1.46386254963
37.8 -0.594358939961 1.78482975974
37.85 -0.494557388278 2.2329501836
37.9 -0.367893806522 2.87228688612
37.95 -0.20261006901 3.7954925278
38.0 0.0181898194127 5.10852885069
38.05 0.315106833831 6.81949329428
38.1 0.699870788494 8.48000888562
38.15 1.14070996978 8.79609208844
38.2 1.53910709029 6.79585499073
38.25 1.80431050609 3.84670093253
38.3 1.93882560003 1.73150528086
38.35 1.99518843038 0.662575284938
38.4 2.01510508089 0.201256013402
38.45 2.01978458119 0.0141465163643
38.5 2.01834811134 -0.0603051912874
38.55 2.01447976162 -0.0899715320504
38.6 2.0096367114 -0.101996162172
38.65 2.00439271412 -0.107071527284
38.7 1.99897404706 -0.109401077375
38.75 1.99347024193 -0.110642416161
38.8 1.9879167932 -0.111452605067
38.85 1.98232772085 -0.112093705723
38.9 1.97670845526 -0.112670956109
38.95 1.9710609664 -0.113226967216
39.0 1.96538581682 -0.113779173105
39.05 1.9596829895 -0.114334831128
39.1 1.95395222335 -0.114897062929
39.15 1.94819314954 -0.115467296937
39.2 1.94240534774 -0.116046273075
39.25 1.93658836862 -0.116634447683
39.3 1.93074174191 -0.117232168219
39.35 1.92486497476 -0.117839737264
39.4 1.91895756883 -0.118457441545
39.45 1.91301903884 -0.11908557042
39.5 1.90704883368 -0.11972445011
39.55 1.90104640961 -0.120374374649
39.6 1.89501120628 -0.121035663975
39.65 1.88894264742 -0.1217086638
39.7 1.88284013853 -0.122393721025
39.75 1.8767030678 -0.123091201792
39.8 1.87053080448 -0.123801486986
39.85 1.86432269854 -0.124524973803
39.9 1.85807807932 -0.125262076829
39.95 1.85179625553 -0.126013228852
40.0 1.8454765136 -0.126778882351
40.05 1.83911811659 -0.127559509911
40.1 1.83272030352 -0.128355605852
40.15 1.82628228813 -0.129167687481
40.2 1.81980325772 -0.129996296274
40.25 1.81328237193 -0.13084199933
40.3 1.80671876132 -0.131705391394
40.35 1.80011152584 -0.132587096282
40.4 1.79345973353 -0.1334877684
40.45 1.78676241909 -0.134408095038
40.5 1.7800185819 -0.135348798648
40.55 1.77322718421 -0.136310638713
40.6 1.76638714944 -0.137294414124
40.65 1.75949736001 -0.138300966679
40.7 1.7525566551 -0.139331183326
40.75 1.74556382804 -0.140385999271
40.8 1.73851762466 -0.141466401066
40.85 1.73141673979 -0.142573431674
40.9 1.72425981471 -0.143708193132
40.95 1.71704543354 -0.144871851168
41.0 1.70977212131 -0.146065639544
41.05 1.70243833909 -0.147290867129
41.1 1.69504248058 -0.148548921645
41.15 1.68758286713 -0.149841276498
41.2 1.68005774575 -0.151169496003
41.25 1.67246528203 -0.152535246801
41.3 1.66480355555 -0.153940302903
41.35 1.65707055338 -0.155386555143
41.4 1.64926416654 -0.156876018616
41.45 1.6413821811 -0.158410850574
41.5 1.63342227154 -0.159993357998
41.55 1.6253819929 -0.16162600972
41.6 1.61725877234 -0.163311452801
41.65 1.60904989989 -0.165052529617
41.7 1.6007525184 -0.166852295551
41.75 1.59236361316 -0.168714037918
41.8 1.58388000289 -0.170641297532
41.85 1.57529831266 -0.172637914851
41.9 1.56661496616 -0.174708028136
41.95 1.55782619585 -0.176856088749
42.0 1.54892797668 -0.179086972419
42.05 1.53991603245 -0.18140597569
42.1 1.53078581544 -0.183818857065
42.15 1.52153247757 -0.186331857496
42.2 1.51215084426 -0.188951828894
42.25 1.50263538309 -0.191686278947
42.3 1.49298016745 -0.194543431936
42.35 1.48317883941 -0.197532325786
42.4 1.47322456708 -0.200662925503
42.45 1.46310999532 -0.203946235619
42.5 1.45282718891 -0.20739443755
42.55 1.44236757084 -0.211021054396
42.6 1.43172185065 -0.214841137822
42.65 1.42087994252 -0.218871486927
42.7 1.40983087167 -0.223130906605
42.75 1.39856267297 -0.227640498829
42.8 1.38706224981 -0.232424069154
42.85 1.37531524528 -0.237508495794
42.9 1.36330586994 -0.242924281673
42.95 1.35101670655 -0.248706162872
43.0 1.33842848 -0.254893849726
43.05 1.32551979179 -0.261532925045
43.1 1.3122667841 -0.268675984192
43.15 1.29864277427 -0.276383937379
43.2 1.28461778898 -0.284727725944
43.25 1.27015801658 -0.293790386729
43.3 1.25522514016 -0.303669668034
43.35 1.23977551265 -0.314481346971
43.4 1.22375917014 -0.326363379816
43.45 1.20711858477 -0.339481309684
43.5 1.18978712016 -0.354035225896
43.55 1.17168708664 -0.370268846314
43.6 1.15272728573 -0.388481469479
43.65 1.13279982404 -0.409044093018
43.7 1.11177603851 -0.432420884216
43.75 1.08950113639 -0.459198693598
43.8 1.06578709422 -0.490127854201
43.85 1.04040313357 -0.526179449158
43.9 1.01306277511 -0.568626839945
43.95 0.983405939808 -0.619163877221
44.0 0.950973880071 -0.680078743325
44.05 0.915173385367 -0.754514836329
44.1 0.875224763062 -0.846869425355
44.15 0.830084811126 -0.96341423962
44.2 0.778330383996 -1.11328007804
44.25 0.717978978509 -1.31004240245
44.3 0.646207322449 -1.5742960945
44.35 0.558904765903 -1.93779849311
44.4 0.449966957828 -2.44978809278
44.45 0.31022445657 -3.1849022068
44.5 0.126057578643 -4.24532560217
44.55 -0.121342073672 -5.72256972003
44.6 -0.451736047665 -7.5101877356
44.65 -0.865432935042 -8.8477182194
44.7 -1.3041228991 -8.28593753917
44.75 -1.65791167461 -5.65589453924
44.8 -1.86835879027 -2.89994867914
44.85 -1.96675666837 -1.22276324236
44.9 -2.00555838995 -0.437679350646
44.95 -2.01801447007 -0.109278193442
45.0 -2.01968440324 0.022509174796
45.05 -2.01705141222 0.0748784522308
45.1 -2.01270536538 0.0958401308726
45.15 -2.0076676647 0.104437812894
45.2 -2.00234056195 0.108160281152
45.25 -1.99688289075 0.109953927369
45.3 -1.9913575646 0.110982754361
45.35 -1.98578951565 0.111709207037
45.4 -1.98018854612 0.112318191267
45.45 -1.97455839069 0.112884182259
45.5 -1.96890033116 0.113437437913
45.55 -1.96321464803 0.113990409184
45.6 -1.95750120632 0.114548329959
45.65 -1.95175969373 0.115113495399
45.7 -1.9459897176 0.115686996181
45.75 -1.94019084479 0.11626943355
45.8 -1.93436261821 0.116861211428
45.85 -1.92850456241 0.117462650017
45.9 -1.92261618165 0.118074050197
45.95 -1.91669697571 0.118695699641
46.0 -1.9107464145 0.119327894936
46.05 -1.90476399063 0.119970934487
46.1 -1.89874913562 0.120625156143
46.15 -1.8927012833 0.121290875477
46.2 -1.8866198503 0.121968427751
46.25 -1.88050423652 0.122658178645
46.3 -1.87435382253 0.123360495885
46.35 -1.86816797054 0.124075766913
46.4 -1.86194602271 0.12480439569
46.45 -1.85568730079 0.125546803473
46.5 -1.84939110451 0.126303430483
46.55 -1.8430567118 0.127074736405
46.6 -1.83668337684 0.12786120241
46.65 -1.83027032917 0.128663331216
46.7 -1.82381677254 0.129481649096
46.75 -1.81732188376 0.130316707398
46.8 -1.81078481146 0.131169083624
46.85 -1.80420467475 0.132039383094
46.9 -1.79758056178 0.132928241058
46.95 -1.79091152816 0.133836324357
47.0 -1.78419659507 0.134764333363
47.05 -1.77743474803 0.135713004154
47.1 -1.77062493474 0.136683111346
47.15 -1.76376606315 0.137675469994
47.2 -1.7568569993 0.138690938338
47.25 -1.74989656541 0.139730421272
47.3 -1.74288353713 0.14079487364
47.35 -1.73581664087 0.141885303132
47.4 -1.72869455139 0.143002773891
47.45 -1.72151588885 0.144148411949
47.5 -1.7142792154 0.145323409032
47.55 -1.70698303158 0.146529027001
47.6 -1.69962577327 0.147766602737
47.65 -1.69220580758 0.149037556228
47.7 -1.68472142831 0.150343395725
47.75 -1.67717085123 0.151685724036
47.8 -1.66955220943 0.153066245853
47.85 -1.6618635486 0.154486778584
47.9 -1.65410282021 0.15594926135
47.95 -1.64626787557 0.157455763102
48.0 -1.63835645896 0.159008494779
48.05 -1.63036620038 0.160609822665
48.1 -1.62229460773 0.162262281536
48.15 -1.61413905729 0.163968590801
48.2 -1.60589678427 0.165731671513
48.25 -1.5975648724 0.167554665472
48.3 -1.58914024234 0.16944095653
48.35 -1.580619639 0.171394194461
48.4 -1.57199961924 0.173418319988
48.45 -1.56327653601 0.175517603466
48.5 -1.55444651368 0.177696665031
48.55 -1.54550543974 0.179960515785
48.6 -1.53644894985 0.182314595567
48.65 -1.52727237779 0.184764860527
48.7 -1.51797075377 0.187317813852
48.75 -1.50853876737 0.1899805258
48.8 -1.49897073978 0.192760746979
48.85 -1.48926058636 0.195667013595
48.9 -1.47940177513 0.198708713153
48.95 -1.46938727977 0.20189618167
49.0 -1.45920953025 0.205240855776
49.05 -1.4488603548 0.208755412189
49.1 -1.43833091326 0.212453933841
49.15 -1.42761162211 0.216352108566
49.2 -1.41669206991 0.220467463359
49.25 -1.40556091844 0.224819639292
49.3 -1.39420578355 0.22943073783
49.35 -1.38261310766 0.234325668103
49.4 -1.37076800865 0.239532627241
49.45 -1.35865410149 0.245083654718
49.5 -1.34625328942 0.251015286732
49.55 -1.33354552497 0.257369347088
49.6 -1.32050850863 0.264193967199
49.65 -1.30711735534 0.271544727481
49.7 -1.2933441859 0.27948615051
49.75 -1.27915763563 0.288093511791
49.8 -1.26452226304 0.297455110636
49.85 -1.24939782014 0.307675150899
49.9 -1.23373838191 0.318877311734
49.95 -1.21749126196 0.331209355401
