12843 Budapest Observations at 00Z 22 Dec 2017


   PRES   HGHT   TEMP   DWPT   RELH   MIXR   DRCT   SKNT   THTA   THTE   THTV
 1012.0    139    0.2    0.2    100   3.85    240      4  272.4  282.9  273.1
 1000.0    233    0.2    0.2    100   3.90    270     12  273.4  284.0  274.0
  987.0    338    0.8    0.8    100   4.11    300     16  274.9  286.3  275.6
  986.0    346    0.8    0.8    100   4.13    301     16  275.1  286.4  275.7
  961.0    553    0.2    0.1     99   4.03    315     23  276.5  287.7  277.1
  925.0    859   -0.7   -0.9     99   3.89    335     23  278.6  289.5  279.2
  917.0    928   -0.9   -1.1     99   3.86    345     23  279.1  289.9  279.7
  880.0   1256   -2.0   -2.1     99   3.74    335     19  281.3  291.9  281.9
  869.0   1357   -2.3   -2.4     99   3.71    339     22  281.9  292.5  282.6
  850.0   1532   -3.1   -7.6     71   2.55    345     25  282.9  290.4  283.3
  849.0   1541   -3.1   -8.1     68   2.46    345     25  283.0  290.2  283.4
  834.0   1683   -1.7  -14.7     36   1.47    349     27  285.9  290.4  286.2
  828.0   1740   -1.7  -14.7     36   1.48    350     27  286.5  291.1  286.8
  822.0   1798   -1.7  -14.7     36   1.50    350     27  287.1  291.7  287.4
  793.0   2083   -3.5  -22.5     21   0.80    349     26  288.1  290.7  288.3
  762.0   2396   -5.5  -16.5     42   1.39    348     25  289.3  293.6  289.5
  734.0   2689   -7.5  -24.5     24   0.72    346     24  290.2  292.5  290.3
  730.0   2731   -7.7  -15.7     53   1.55    346     24  290.4  295.2  290.7
  700.0   3056  -10.5  -18.5     52   1.28    345     23  290.8  294.9  291.1
  699.0   3067  -10.7  -17.7     56   1.37    344     23  290.7  295.0  291.0
  695.0   3111  -10.9  -16.9     61   1.47    342     23  291.0  295.6  291.2
  684.0   3234  -10.7  -12.2     89   2.20    335     21  292.5  299.3  292.9
  675.0   3336  -10.5  -13.2     81   2.06    338     22  293.9  300.3  294.2
  639.0   3755  -13.9  -15.1     90   1.86    350     25  294.7  300.5  295.0
  616.0   4034  -16.1  -16.4     98   1.73    340     26  295.2  300.7  295.5
  592.0   4331  -18.2  -18.4     98   1.52    330     27  296.1  301.0  296.4
  563.0   4707  -20.9  -21.0     99   1.28    336     33  297.2  301.4  297.5
  559.0   4760  -19.5  -22.2     79   1.16    337     34  299.5  303.3  299.7
  547.0   4920  -20.8  -23.3     80   1.08    340     37  299.9  303.4  300.1
  500.0   5580  -25.9  -27.9     83   0.78    340     37  301.4  304.0  301.5
  489.0   5740  -27.1  -28.2     91   0.77    335     35  301.8  304.4  301.9
  486.0   5784  -27.5  -28.3     93   0.77    334     35  301.9  304.5  302.0
  476.0   5932  -28.5  -32.7     67   0.52    330     36  302.4  304.2  302.6
  465.0   6098  -29.7  -33.4     70   0.49    326     36  303.0  304.7  303.1
  435.0   6568  -33.3  -39.3     55   0.29    315     38  304.2  305.3  304.3
  414.0   6912  -34.7  -49.7     20   0.10    306     40  306.8  307.2  306.8
  400.0   7150  -36.7  -47.7     31   0.13    300     41  307.2  307.7  307.2
  387.0   7375  -38.6  -49.6     30   0.11    295     37  307.6  308.0  307.6
  341.0   8238  -46.1  -57.1     28   0.05    288     37  308.8  309.0  308.8
  331.0   8436  -47.9  -54.9     44   0.07    286     37  308.9  309.2  308.9
  311.0   8846  -51.5  -61.5     29   0.03    282     37  309.4  309.6  309.5
  300.0   9080  -52.3  -63.3     25   0.03    280     37  311.5  311.6  311.5
  294.0   9209  -53.0  -64.0     25   0.02    275     39  312.3  312.4  312.3
  266.0   9846  -56.6  -67.6     24   0.02    285     45  316.1  316.2  316.1
  257.0  10065  -57.9  -68.8     23   0.01    300     47  317.4  317.5  317.4
  251.0  10215  -58.7  -69.7     23   0.01    304     45  318.3  318.4  318.3
  250.0  10240  -58.9  -69.9     23   0.01    305     45  318.4  318.4  318.4
  249.0  10265  -59.1  -70.0     23   0.01    305     43  318.5  318.5  318.5
  237.0  10572  -61.3  -71.3     25   0.01    305     43  319.6  319.7  319.6
  227.0  10840  -59.1  -73.7     13   0.01    295     37  327.0  327.0  327.0
  220.0  11036  -57.5  -75.5      8   0.01    304     35  332.4  332.4  332.4
  215.0  11179  -58.3  -75.8      9   0.01    310     33  333.3  333.3  333.3
  208.0  11385  -59.5  -76.3     10   0.01    300     29  334.6  334.6  334.6
  200.0  11630  -60.9  -76.9     10   0.01    285     33  336.2  336.2  336.2
  199.0  11661  -61.0  -77.0     10   0.01    285     37  336.5  336.5  336.5
  198.0  11692  -61.1  -77.1     10   0.01    286     38  336.8  336.8  336.8
  193.0  11851  -59.6  -77.7      8   0.01    290     43  341.6  341.7  341.6
  186.0  12080  -57.5  -78.5      5   0.00    312     41  348.7  348.7  348.7
  179.0  12321  -57.4  -78.7      5   0.00    335     39  352.8  352.8  352.8
  171.0  12608  -57.2  -78.9      5   0.00    310     37  357.6  357.6  357.6
  164.0  12870  -57.1  -79.1      5   0.00    316     36  362.1  362.2  362.1
  160.0  13025  -57.2  -79.2      5   0.00    320     35  364.6  364.6  364.6
  151.0  13388  -57.3  -79.3      5   0.00    310     27  370.5  370.5  370.5
  150.0  13430  -57.3  -79.3      5   0.00    310     27  371.1  371.2  371.2
  143.0  13729  -57.8  -79.7      5   0.00    295     27  375.4  375.4  375.4
  114.0  15149  -60.3  -81.6      5   0.00    300     37  395.9  395.9  395.9
  106.0  15605  -61.1  -82.2      5   0.00    310     25  402.7  402.7  402.7
  103.0  15785  -61.4  -82.5      5   0.00    300     23  405.4  405.4  405.4
  100.0  15970  -61.7  -82.7      5   0.00    290     27  408.2  408.3  408.2
   92.0  16480  -62.6  -83.6      4   0.00    310     35  416.3  416.4  416.3
   83.0  17109  -63.7  -84.7      4   0.00    305     21  426.5  426.6  426.5
   81.0  17258  -64.0  -85.0      4   0.00    295     19  429.0  429.0  429.0
   78.0  17489  -64.3  -85.3      4   0.00    275     27  432.8  432.8  432.8
   74.0  17810  -64.9  -85.9      4   0.00    290     25  438.2  438.2  438.2
   70.0  18150  -65.5  -86.5      4   0.00    285     29  443.9  443.9  443.9
   66.0  18506  -66.3  -86.9      4   0.00    285     37  449.6  449.7  449.6
   62.0  18883  -67.2  -87.3      4   0.00    280     31  455.8  455.8  455.8
   54.0  19718  -69.2  -88.2      5   0.00    305     41  469.6  469.7  469.6
   53.5  19774  -69.3  -88.3      5   0.00    302     39  470.6  470.6  470.6
   51.0  20061  -68.7  -88.4      4   0.00    285     29  478.4  478.4  478.4
   50.0  20180  -68.5  -88.5      4   0.00    280     33  481.6  481.7  481.6
   43.0  21087  -67.2  -89.1      3   0.00    295     41  506.1  506.1  506.1
   42.5  21157  -67.1  -89.1      3   0.00    293     41  508.0  508.0  508.0
   35.5  22242  -67.5  -90.5      3   0.00    270     41  533.8  533.8  533.8
   33.0  22676  -70.4  -91.3      3   0.00    260     41  537.4  537.4  537.4
   31.0  23047  -72.8  -92.0      4   0.00    280     41  540.4  540.4  540.4
   30.8  23086  -73.1  -92.1      4   0.00    280     41  540.7  540.8  540.7
   30.0  23240  -72.7  -92.7      4   0.00    280     37  545.9  545.9  545.9
   28.9  23460  -70.9  -92.9      3   0.00    276     40  556.7  556.7  556.7
   26.0  24078  -72.1  -93.5      3   0.00    265     49  570.4  570.4  570.4
   22.0  25054  -74.0  -94.5      3   0.00    280     56  592.5  592.5  592.5
   20.4  25495  -74.9  -94.9      3   0.00    272     61  602.8  602.8  602.8
   20.0  25610  -73.7  -94.7      3   0.00    270     62  609.9  609.9  609.9
   19.0  25913  -68.5  -93.5      2   0.00    270     70  635.0  635.1  635.0
   16.0  26934  -70.4  -94.3      2   0.00    280     62  660.9  660.9  660.9
   14.0  27728  -71.8  -94.9      2   0.00    260     72  681.7  681.7  681.7
