12843 Budapest Observations at 00Z 22 Jun 2017


   PRES   HGHT   TEMP   DWPT   RELH   MIXR   DRCT   SKNT   THTA   THTE   THTV
  999.0    139   20.4   11.4     56   8.54     60      4  293.6  318.4  295.1
  989.0    226   23.6   15.6     61  11.39     41      6  297.7  331.0  299.7
  976.0    341   24.2    8.2     36   7.03     17      8  299.4  320.5  300.7
  967.0    422   24.3    7.3     34   6.70      0     10  300.3  320.5  301.5
  957.0    512   24.4    6.4     31   6.34    354     10  301.3  320.5  302.5
  925.0    807   22.0    9.0     43   7.84    335     12  301.8  325.4  303.2
  894.0   1101   19.5    9.2     51   8.24    300     17  302.2  326.9  303.7
  869.0   1345   17.4    9.4     59   8.59    308     17  302.4  328.3  304.0
  850.0   1534   15.8    6.8     55   7.34    315     17  302.7  324.9  304.0
  816.0   1876   13.4    1.6     45   5.28    330     19  303.6  319.9  304.6
  756.0   2516    8.8   -8.2     29   2.74    330     30  305.4  314.2  305.9
  750.0   2581    8.2   -8.0     31   2.80    330     31  305.5  314.5  306.0
  704.0   3100    3.6   -6.4     48   3.38    330     31  305.9  316.7  306.6
  700.0   3146    3.4   -7.6     44   3.10    330     31  306.2  316.1  306.8
  638.0   3892   -0.4  -29.1      9   0.54    320     21  310.1  312.0  310.2
  637.0   3905   -0.5  -29.5      9   0.52    320     21  310.1  312.0  310.2
  602.0   4352   -2.6  -28.4     12   0.62    315     25  312.7  314.9  312.8
  564.0   4868   -5.1  -27.1     16   0.74    331     27  315.7  318.4  315.9
  554.0   5006   -6.2  -27.4     17   0.73    335     27  316.1  318.7  316.2
  500.0   5800  -12.3  -29.3     23   0.68    325     31  318.0  320.5  318.1
  486.0   6016  -13.7  -33.3     17   0.48    325     29  318.9  320.6  319.0
  474.0   6205  -14.9  -36.9     13   0.34    317     31  319.6  321.0  319.7
  460.0   6431  -16.7  -39.7     12   0.27    306     33  320.1  321.2  320.2
  458.0   6463  -17.0  -39.3     13   0.28    305     33  320.2  321.3  320.2
  421.0   7087  -22.7  -31.7     44   0.64    308     33  320.7  323.1  320.8
  415.0   7192  -23.3  -38.3     24   0.34    309     33  321.2  322.5  321.3
  400.0   7460  -25.5  -36.5     35   0.42    310     33  321.8  323.4  321.9
  391.0   7625  -26.7  -37.7     35   0.38    311     33  322.3  323.8  322.4
  382.0   7793  -28.1  -33.0     63   0.63    312     34  322.6  324.9  322.7
  322.0   8986  -37.9  -47.1     37   0.17    320     37  325.2  325.9  325.3
  300.0   9480  -41.9  -52.9     29   0.09    320     39  326.2  326.6  326.2
  299.0   9503  -42.1  -53.1     29   0.09    320     39  326.2  326.6  326.2
  269.0  10201  -48.7  -57.6     35   0.06    335     37  326.7  326.9  326.7
  257.0  10502  -51.5  -59.5     38   0.05    329     36  326.8  327.0  326.8
  250.0  10680  -52.7  -60.7     37   0.04    325     35  327.6  327.8  327.6
  226.0  11326  -57.5  -66.5     31   0.02    321     32  329.8  329.9  329.8
  222.0  11438  -58.4  -66.4     35   0.02    320     31  330.1  330.2  330.1
  210.0  11786  -61.3  -66.2     52   0.02    320     39  330.9  331.0  330.9
  209.0  11816  -61.2  -66.6     49   0.02    320     39  331.4  331.5  331.4
  201.0  12059  -60.8  -70.2     28   0.01    305     43  335.9  336.0  335.9
  200.0  12090  -60.7  -70.7     26   0.01    305     45  336.5  336.6  336.5
  192.0  12346  -58.6  -77.0      8   0.01    315     54  343.8  343.8  343.8
  186.0  12545  -57.0  -81.9      3   0.00    325     49  349.6  349.6  349.6
  185.0  12579  -56.7  -82.7      2   0.00    325     48  350.5  350.6  350.5
  170.0  13116  -56.4  -84.0      2   0.00    320     35  359.6  359.7  359.6
  164.0  13344  -56.2  -84.5      2   0.00    320     39  363.6  363.6  363.6
  150.0  13910  -55.9  -85.9      1   0.00    315     29  373.6  373.6  373.6
  145.0  14127  -55.3  -86.5      1   0.00    300     35  378.3  378.3  378.3
  142.0  14261  -54.9  -86.9      1   0.00    315     35  381.2  381.2  381.2
  140.0  14351  -55.1  -87.0      1   0.00    325     35  382.5  382.5  382.5
  133.0  14677  -55.6  -87.5      1   0.00    305     27  387.1  387.1  387.1
  129.0  14871  -56.0  -87.7      1   0.00    320     25  389.8  389.9  389.8
  125.0  15071  -56.4  -88.0      1   0.00    305     25  392.7  392.7  392.7
  118.0  15438  -57.0  -88.5      1   0.00    310     21  398.0  398.0  398.0
  115.0  15602  -57.3  -88.7      1   0.00    325     21  400.4  400.4  400.4
  112.0  15770  -57.6  -88.9      1   0.00    315     19  402.9  402.9  402.9
  106.0  16120  -58.2  -89.4      1   0.00    295     25  408.1  408.1  408.1
  100.0  16490  -58.9  -89.9      1   0.00    320     29  413.6  413.7  413.6
   95.0  16814  -58.6  -89.8      1   0.00    335     21  420.3  420.3  420.3
   92.0  17016  -58.5  -89.7      1   0.00    305     10  424.5  424.5  424.5
   91.0  17085  -58.4  -89.7      1   0.00    290     12  425.9  425.9  425.9
   89.0  17225  -58.3  -89.6      1   0.00    290     17  428.8  428.8  428.8
   86.0  17441  -58.1  -89.6      1   0.00    320     23  433.4  433.4  433.4
   81.0  17819  -57.8  -89.4      1   0.00     10     16  441.5  441.5  441.5
   79.0  17977  -57.7  -89.4      1   0.00     15     12  444.9  444.9  444.9
   76.0  18221  -57.5  -89.3      1   0.00    335      4  450.3  450.3  450.3
   75.0  18305  -57.5  -89.2      1   0.00    315     10  452.1  452.1  452.1
   73.0  18475  -57.3  -89.2      1   0.00    310     19  455.9  455.9  455.9
   71.0  18651  -57.2  -89.1      1   0.00    325     14  459.9  459.9  459.9
   70.0  18740  -57.1  -89.1      1   0.00    320     14  461.9  461.9  461.9
   69.0  18831  -57.0  -89.0      1   0.00    320     14  464.0  464.0  464.0
   63.0  19407  -56.3  -88.3      1   0.00     15     14  477.8  477.8  477.8
   61.0  19611  -56.0  -88.0      1   0.00     15     12  482.8  482.8  482.8
   53.0  20501  -55.0  -87.0      1   0.00    250      4  505.1  505.1  505.1
   50.0  20870  -54.5  -86.5      1   0.00      5      8  514.6  514.6  514.6
   47.0  21270  -54.1  -86.3      1   0.00    355     10  524.8  524.9  524.8
   45.0  21551  -53.8  -86.2      1   0.01     30     16  532.1  532.2  532.1
   44.0  21696  -53.6  -86.1      1   0.01     65     12  535.9  536.0  536.0
   43.0  21844  -53.4  -86.0      1   0.01     75     10  539.9  539.9  539.9
   42.0  21996  -53.3  -86.0      1   0.01     90     10  543.9  544.0  543.9
   38.0  22643  -52.6  -85.6      1   0.01     45     10  561.5  561.6  561.5
   37.0  22815  -52.4  -85.6      1   0.01     75     10  566.3  566.3  566.3
   35.0  23174  -52.0  -85.4      1   0.01    215      2  576.4  576.4  576.4
   34.0  23361  -51.8  -85.3      1   0.01    355     10  581.7  581.8  581.7
   33.0  23554  -51.6  -85.2      1   0.01     45     16  587.2  587.3  587.2
   32.0  23753  -51.4  -85.1      1   0.01     55     17  593.0  593.1  593.0
   31.0  23958  -51.1  -85.0      1   0.01     60     12  599.0  599.1  599.0
   30.0  24170  -50.9  -84.9      1   0.01     85     17  605.3  605.4  605.3
   28.0  24617  -51.3  -84.6      1   0.01    120     17  616.2  616.3  616.2
   27.1  24829  -51.5  -84.5      1   0.01    111     17  621.4  621.5  621.4
   27.0  24853  -51.4  -84.4      1   0.01    110     17  622.4  622.5  622.4
   26.0  25100  -50.1  -83.7      1   0.01    140     10  632.7  632.8  632.7
   25.0  25357  -48.9  -83.0      1   0.02    135     10  643.5  643.6  643.5
   24.0  25624  -47.5  -82.2      1   0.02     85      4  654.9  655.1  654.9
   23.4  25790  -46.7  -81.7      1   0.02     55     11  662.1  662.3  662.1
   23.0  25904  -46.6  -81.6      1   0.02     35     16  665.6  665.8  665.6
   22.0  26198  -46.4  -81.4      1   0.02     80     21  674.8  675.0  674.8
   21.0  26507  -46.1  -81.2      1   0.03     90     17  684.5  684.8  684.5
   20.0  26830  -45.9  -80.9      1   0.03     75     21  694.9  695.2  694.9
   18.3  27418  -47.7  -82.7      1   0.02     88     18  707.1  707.4  707.1
   18.0  27528  -47.5  -82.5      1   0.02     90     17  711.0  711.3  711.0
   17.0  27907  -46.9  -81.9      1   0.03    100     12  724.6  724.9  724.6
   16.0  28309  -46.3  -81.3      1   0.03    115     14  739.3  739.7  739.4
   15.1  28692  -45.7  -80.7      1   0.04     88     12  753.7  754.1  753.7
   15.0  28737  -45.5  -80.5      1   0.04     85     12  755.9  756.4  755.9
   14.0  29204  -42.9  -78.7      1   0.06     80     14  779.5  780.2  779.5
   13.0  29705  -40.2  -76.8      1   0.09     50     14  805.5  806.5  805.6
   12.4  30025  -38.5  -75.5      1   0.11     65     19  822.5  823.9  822.6
   12.0  30249  -39.0  -76.0      1   0.11     75     23  828.6  829.9  828.7
   11.4  30601  -39.7  -76.7      1   0.10    102     27  838.2  839.5  838.3
   11.0  30846  -39.1  -76.4      1   0.11    120     29  849.0  850.3  849.1
   10.0  31500  -37.5  -75.5      1   0.14    105     12  878.4  880.1  878.5
   


