Estación:       PLAYA ROSARITO,  BC
Operada por:    SMN EMAS
Longitud:       117°04'17"  Latitud: 32°22'39"  Altitud: 37

DD/MM/AAAA HH:MM      DIRS      DIRR      VELS      VELR      TEMP        HR        PB      PREC   RADSOL
25/01/2018 23:00       277       268      6.47     13.70      15.9        80    1015.6       0.0     135.2
26/01/2018 00:00       254       248      8.77     16.30      15.3        98    1015.8       0.0     129.0
26/01/2018 01:00       300       308     14.17     28.60      14.8        89    1016.3       0.0      10.2
26/01/2018 02:00       307       301     12.43     26.40      14.3        80    1016.9       0.0       0.0
26/01/2018 03:00       307       294     11.73     24.20      13.9        79    1017.4       0.0       0.0
26/01/2018 04:00       302       289     10.08     20.20      13.8        79    1017.7       0.0       0.0
26/01/2018 05:00       332       319      4.92     17.10      13.6        80    1018.1       0.0       0.0
26/01/2018 06:00        49        46      3.90      9.30      12.0        83    1018.4       0.0       0.0
26/01/2018 07:00        49       271      3.08     12.00      11.9        84    1018.5       0.0       0.0
26/01/2018 08:00       346       278      3.92     17.60      12.8        84    1018.4       0.0       0.0
26/01/2018 09:00        53        73      4.87     10.80      11.1        88    1018.5       0.0       0.0
26/01/2018 10:00        58        50      5.28      8.80      10.0        93    1018.6       0.0       0.0
26/01/2018 11:00        54        52      5.40     10.40      10.3        94    1018.5       0.0       0.0
26/01/2018 12:00        50        48      6.07     11.40      10.4        94    1018.5       0.0       0.0
26/01/2018 13:00        50        47      7.45     13.40      10.1        95    1018.8       0.0       0.0
26/01/2018 14:00        56        59      6.61     12.60      10.0        93    1019.3       0.0       0.3
26/01/2018 15:00        55        48      6.33     13.20      10.1        90    1019.8       0.0      65.3
26/01/2018 16:00        54        52      6.60     12.20      13.1        78    1020.2       0.0     245.2
26/01/2018 17:00         2        71      1.54     18.80      15.3        65    1020.6       0.0     395.5
26/01/2018 18:00       288       281     10.97     19.70      15.4        70    1020.9       0.0     541.5
26/01/2018 19:00       301       298     15.55     30.60      15.5        66    1020.3       0.0     678.0
26/01/2018 20:00       313       306     18.58     31.50      15.7        56    1019.1       0.0     698.8
26/01/2018 21:00       313       309     19.65     33.20      15.6        56    1018.3       0.0     634.7
26/01/2018 22:00       314       318     18.79     36.50      15.8        54    1018.0       0.0     456.8
26/01/2018 23:00       321       318     17.86     34.50      15.6        56    1017.9       0.0     225.8
27/01/2018 00:00       322       319     14.95     31.60      15.2        60    1018.1       0.0     142.2
27/01/2018 01:00       342       314      6.81     24.90      14.1        62    1018.2       0.0      10.7
27/01/2018 02:00       355       317      6.68     16.70      13.0        63    1018.4       0.0       0.0
27/01/2018 03:00        11         6      7.29     14.30      12.2        66    1018.8       0.0       0.0
27/01/2018 04:00       328       348      3.61     14.10      12.0        64    1019.0       0.0       0.0
27/01/2018 05:00        39        35      7.78     15.90      11.9        59    1019.4       0.0       0.0
27/01/2018 06:00        16       347      8.78     19.90      12.0        56    1019.7       0.0       0.0
27/01/2018 07:00        34        23     10.00     18.60      11.6        69    1019.6       0.0       0.0
27/01/2018 08:00        19        19      4.95     18.30      11.8        80    1019.5       0.0       0.0
27/01/2018 09:00         3       355      5.81     16.60      11.7        74    1019.3       0.0       0.0
27/01/2018 10:00        41        31      5.32     13.30      10.4        50    1019.2       0.0       0.0
27/01/2018 11:00        57        48      8.31     17.30      11.5        28    1018.8       0.0       0.0
27/01/2018 12:00        49        35     10.20     25.90      12.0        24    1018.5       0.0       0.0
27/01/2018 13:00        50        38      7.47     18.50      12.0        22    1018.7       0.0       0.0
27/01/2018 14:00        62        53      3.13     13.20      11.9        21    1019.4       0.0       0.8
27/01/2018 15:00        40        67      6.32     19.70      12.6        20    1019.8       0.0      51.7
27/01/2018 16:00        12        16      5.15     10.70      15.2        19    1020.2       0.0     190.5
27/01/2018 17:00       310       271      2.86     15.20      17.8        23    1020.1       0.0     387.8
27/01/2018 18:00       296       306     10.02     22.80      18.1        30    1019.8       0.0     549.2
27/01/2018 19:00       310       318     14.79     29.30      18.8        32    1019.1       0.0     660.0
27/01/2018 20:00       316       323     19.35     34.40      17.5        34    1018.2       0.0     685.3
27/01/2018 21:00       314       326     19.01     34.80      17.7        42    1017.3       0.0     556.7
27/01/2018 22:00       312       295     18.28     34.90      18.2        36    1017.1       0.0     464.5
27/01/2018 23:00       314       326     16.99     38.10      17.3        48    1016.9       0.0     189.2
28/01/2018 00:00       321       329     12.41     25.90      17.8        52    1016.7       0.0     138.5
28/01/2018 01:00       330       332     11.13     27.10      15.9        66    1016.9       0.0      13.2
28/01/2018 02:00       335       304      7.67     21.60      17.7        26    1016.8       0.0       0.0
28/01/2018 03:00        74        85     19.01     44.90      19.5         7    1016.3       0.0       0.0
28/01/2018 04:00        67        83     16.00     52.50      20.1         6    1016.3       0.0       0.0
28/01/2018 05:00       297       285      6.35     13.70      18.5        20    1017.3       0.0       0.0
28/01/2018 06:00       209       225      2.34     20.50      18.6        19    1017.7       0.0       0.0
28/01/2018 07:00       211       151      6.83     17.00      19.6        11    1017.6       0.0       0.0
28/01/2018 08:00       256       210      1.94     12.40      19.4         8    1017.2       0.0       0.0
28/01/2018 09:00       286        72      3.42     18.40      18.7        18    1017.0       0.0       0.0
28/01/2018 10:00       330       262      5.73     13.90      16.4        19    1016.8       0.0       0.0
28/01/2018 11:00       325       316      7.97     18.50      16.5        21    1016.7       0.0       0.0
28/01/2018 12:00       342       320      3.38      8.90      15.8        22    1016.7       0.0       0.0
28/01/2018 13:00       339       357      3.21     10.90      15.5        27    1016.9       0.0       0.0
28/01/2018 14:00       295        52      0.37     13.80      15.0        24    1017.1       0.0       0.5
28/01/2018 15:00       283       274      4.55     22.60      18.5        20    1017.3       0.0      66.3
28/01/2018 16:00        66        87     16.72     38.50      23.0        15    1017.5       0.0     254.0
28/01/2018 17:00        66        77     20.21     44.10      25.5        12    1017.8       0.0     419.8
28/01/2018 18:00        68        74     21.00     43.30      26.9        11    1017.7       0.0     566.0
28/01/2018 19:00        77        82     16.10     48.80      27.8         9    1017.4       0.0     682.0
28/01/2018 20:00        77        73     24.05     44.10      28.1         8    1016.5       0.0     720.3
28/01/2018 21:00        75        82     31.36     53.20      28.5         8    1015.2       0.0     670.5
28/01/2018 22:00        76        65     31.18     53.40      28.7         9    1014.7       0.0     483.8
28/01/2018 23:00        74        94     29.66     54.80      28.2         9    1014.6       0.0     231.7
29/01/2018 00:00        72        81     20.29     42.60      27.4        10    1015.1       0.0     151.0
29/01/2018 01:00        67        83      8.62     29.10      25.5        13    1015.7       0.0      15.3
29/01/2018 02:00       295       322      4.02     10.60      20.2        39    1015.9       0.0       0.0
29/01/2018 03:00        71        52     14.07     28.80      22.0        20    1016.1       0.0       0.0
29/01/2018 04:00        54        58      7.56     16.60      22.0        15    1016.3       0.0       0.0
29/01/2018 05:00        47       344      3.23     14.90      21.3        17    1016.2       0.0       0.0
29/01/2018 06:00        80        41      3.93      8.50      19.4        19    1016.0       0.0       0.0
29/01/2018 07:00        59        30      2.94      9.90      18.2        22    1015.8       0.0       0.0
29/01/2018 08:00        39         7      5.48     10.20      18.4        22    1015.6       0.0       0.0
29/01/2018 09:00        34        45      7.19     25.90      21.0        18    1015.7       0.0       0.0
29/01/2018 10:00        37        36      8.85     26.20      22.7        13    1015.5       0.0       0.0
29/01/2018 11:00        60        48      4.39     18.00      22.3        14    1015.6       0.0       0.0
29/01/2018 12:00        42        69      8.91     30.00      21.8        14    1015.8       0.0       0.0
29/01/2018 13:00        27        64      2.37     18.80      23.1        12    1015.7       0.0       0.0
29/01/2018 14:00       287       310      3.24     15.90      23.1        13    1015.7       0.0       0.2
29/01/2018 15:00       180       158      3.86     23.70      23.5        12    1016.1       0.0      68.0
29/01/2018 16:00        75        72      6.80     29.90      25.1        12    1016.4       0.0     259.3
29/01/2018 17:00        91        76     15.48     38.20      26.8        10    1016.1       0.0     431.7
29/01/2018 18:00        83        82     19.92     44.10      28.2         9    1016.0       0.0     583.2
29/01/2018 19:00        62        54     16.46     38.70      29.5         8    1015.2       0.0     713.7
29/01/2018 20:00        45        51     16.03     34.20      30.4         7    1014.6       0.0     737.0
29/01/2018 21:00        26        41     10.69     34.60      30.6         8    1014.3       0.0     672.0
29/01/2018 22:00       315       339     15.07     35.50      27.7        13    1013.8       0.0     492.3
29/01/2018 23:00        74        86     16.37     40.50      29.9         7    1013.0       0.0     246.7
30/01/2018 00:00        66        76     10.86     29.70      30.0         7    1013.1       0.0     122.7
30/01/2018 01:00        48        66      8.46     28.10      26.7        10    1013.2       0.0       4.2
30/01/2018 02:00        68        67     21.44     47.10      25.3         9    1013.7       0.0       0.0
30/01/2018 03:00        75        98     31.06     49.50      25.2         9    1014.0       0.0       0.0
30/01/2018 04:00        78        72     34.93     54.80      25.2         9    1014.2       0.0       0.0
30/01/2018 05:00        77        79     34.00     61.10      25.3         9    1014.4       0.0       0.0
30/01/2018 06:00        74        74     29.33     48.50      24.8        10    1014.3       0.0       0.0
30/01/2018 07:00        74        67     28.25     45.30      24.4        10    1013.9       0.0       0.0
30/01/2018 08:00        75        60     28.79     46.30      24.2        10    1013.5       0.0       0.0
30/01/2018 09:00        74        65     26.35     44.50      24.1        10    1013.3       0.0       0.0
30/01/2018 10:00        74        76     25.43     43.10      23.8        10    1013.0       0.0       0.0
30/01/2018 11:00        79        74      6.61     36.10      23.2        11    1013.2       0.0       0.0
30/01/2018 12:00        25       357      3.92     11.90      22.5        11    1013.3       0.0       0.0
30/01/2018 13:00       114        97      1.83     10.30      21.2        17    1013.6       0.0       0.0
30/01/2018 14:00        67        18      5.51     14.70      21.4        12    1013.9       0.0       0.2
30/01/2018 15:00       294       269      2.07      8.90      20.2        21    1014.6       0.0      49.2
30/01/2018 16:00        73        87      2.48     13.30      20.3        24    1015.0       0.0     144.2
30/01/2018 17:00       118        78      3.96     14.60      25.4        11    1015.3       0.0     363.5
30/01/2018 18:00       197       218      6.31     14.50      24.9        16    1015.1       0.0     540.2
30/01/2018 19:00       207       202      5.84     11.80      24.5        17    1014.2       0.0     463.3
30/01/2018 20:00       291       256      3.27      9.10      22.2        33    1013.4       0.0     351.5
30/01/2018 21:00       306       286      8.34     19.70      22.6        27    1012.8       0.0     418.0
30/01/2018 22:00       296       295      8.49     19.10      23.7        19    1012.1       0.0     411.3
30/01/2018 23:00       311       316     10.37     21.00      23.7        16    1011.6       0.0     214.3
31/01/2018 00:00       318       325     11.01     20.80      23.1        16    1011.2       0.0     107.8
31/01/2018 01:00       333       313      5.93     16.60      21.8        16    1011.5       0.0       7.0
31/01/2018 02:00       353         8      3.43     10.70      21.3        16    1011.8       0.0       0.0
31/01/2018 03:00        58        10      2.67      6.90      19.0        20    1011.8       0.0       0.0
31/01/2018 04:00       358       294      1.83      9.40      18.2        35    1012.2       0.0       0.0
31/01/2018 05:00        40        67      2.60      7.30      17.1        27    1012.2       0.0       0.0
31/01/2018 06:00        69       293      2.41      7.80      17.0        25    1012.3       0.0       0.0
31/01/2018 07:00        69        38      3.37      8.00      17.0        25    1012.2       0.0       0.0
31/01/2018 08:00        27       305      1.95      9.40      16.8        31    1012.2       0.0       0.0
31/01/2018 09:00        59        69      5.06     15.20      16.1        28    1011.9       0.0       0.0
31/01/2018 10:00        65        54      3.80     17.20      17.8        22    1011.8       0.0       0.0
31/01/2018 11:00        52        38      2.27      8.20      16.2        26    1011.5       0.0       0.0
31/01/2018 12:00        48        53      4.59     10.70      14.7        28    1011.3       0.0       0.0
31/01/2018 13:00        33        23      3.23      7.50      14.0        38    1011.8       0.0       0.0
31/01/2018 14:00        69        92      5.22      7.80      13.0        31    1012.4       0.0       0.5
31/01/2018 15:00        88        35      3.98      8.30      14.1        28    1012.7       0.0      71.0
31/01/2018 16:00       157       150      1.79      7.00      19.0        23    1013.0       0.0     258.3
31/01/2018 17:00       188       199      4.96     11.40      20.6        26    1013.3       0.0     420.2
31/01/2018 18:00       182       206      6.00     13.20      20.9        26    1013.1       0.0     573.5
31/01/2018 19:00       205       206      7.13     15.20      21.5        25    1012.5       0.0     707.3
31/01/2018 20:00       235       177      7.18     14.40      20.5        37    1012.0       0.0     730.2
31/01/2018 21:00       262       241      6.27     11.70      19.5        52    1011.1       0.0     661.8
31/01/2018 22:00       247       246      6.04     12.10      19.4        60    1010.6       0.0     447.3
31/01/2018 23:00       269       262      5.27      9.60      19.7        63    1010.3       0.0     241.0

